0.00000000 35.075250
0.00002000 35.075250
0.00004000 35.075250
0.00006000 35.075250
0.00008000 35.075250
0.00010000 35.075250
0.00012000 35.075250
0.00014000 35.075250
0.00016000 35.075250
0.00018000 35.075250
0.00020000 35.075250
0.00022000 35.075250
0.00024000 35.075250
0.00026000 43.190140
0.00028000 58.143820
0.00030000 78.274700
0.00032000 105.375900
0.00034000 153.366500
0.00036000 245.064400
0.00038000 428.479100
0.00040000 806.967000
0.00042000 1588.174000
0.00044000 3130.372000
0.00046000 5875.037000
0.00048000 9941.750000
0.00050000 14398.580000
0.00052000 17128.510000
0.00054000 16374.050000
0.00056000 12642.350000
0.00058000 8145.620000
0.00060000 4628.302000
0.00062000 2481.010000
0.00064000 1338.981000
0.00066000 764.911000
0.00068000 476.331100
0.00070000 326.337200
0.00072000 243.217100
0.00074000 209.066900
0.00076000 180.552400
0.00078000 156.655100
0.00080000 136.556700
0.00082000 119.593600
0.00084000 105.226800
0.00086000 93.018800
0.00088000 82.611900
0.00090000 73.711400
0.00092000 66.078040
0.00094000 59.511900
0.00096000 53.848760
0.00098000 48.952260
0.00100000 44.709070
0.00102000 41.024550
0.00104000 37.819670
0.00106000 35.028140
0.00108000 35.075250
0.00110000 35.075250
0.00112000 35.075250
0.00114000 35.075250
0.00116000 35.075250
0.00118000 35.075250
0.00120000 35.075250
0.00122000 35.075250
0.00124000 35.075250
0.00126000 35.075250
0.00128000 35.075250
0.00130000 35.075250
0.00132000 35.075250
0.00134000 35.075250
0.00136000 35.075250
0.00138000 35.075250
0.00140000 35.075250
0.00142000 35.075250
0.00144000 35.075250
0.00146000 35.075250
0.00148000 35.075250
0.00150000 35.075250
0.00152000 35.075250
0.00154000 35.075250
0.00156000 35.075250
0.00158000 35.075250
0.00160000 35.075250
0.00162000 35.075250
0.00164000 35.075250
0.00166000 35.075250
0.00168000 35.075250
0.00170000 35.075250
0.00172000 35.075250
0.00174000 35.075250
0.00176000 35.075250
0.00178000 35.075250
0.00180000 35.075250
0.00182000 35.075250
0.00184000 35.075250
0.00186000 35.075250
0.00188000 35.075250
0.00190000 35.075250
0.00192000 35.075250
0.00194000 35.075250
0.00196000 35.075250
0.00198000 35.075250
0.00200000 35.075250
0.00202000 35.075250
0.00204000 35.075250
0.00206000 35.075250
0.00208000 35.075250
0.00210000 35.075250
0.00212000 35.075250
0.00214000 35.075250
0.00216000 35.075250
0.00218000 35.075250
0.00220000 35.075250
0.00222000 35.075250
0.00224000 35.075250
0.00226000 35.075250
0.00228000 35.075250
0.00230000 35.075250
0.00232000 35.075250
0.00234000 35.075250
0.00236000 35.075250
0.00238000 35.075250
0.00240000 35.075250
0.00242000 35.075250
0.00244000 35.075250
0.00246000 35.075250
0.00248000 35.075250
0.00250000 35.075250
0.00252000 35.075250
0.00254000 35.075250
0.00256000 35.075250
0.00258000 35.075250
0.00260000 35.075250
0.00262000 35.075250
0.00264000 35.075250
0.00266000 35.075250
0.00268000 35.075250
0.00270000 35.075250
0.00272000 35.075250
0.00274000 35.075250
0.00276000 35.075250
0.00278000 35.075250
0.00280000 35.075250
0.00282000 35.075250
0.00284000 35.075250
0.00286000 35.075250
0.00288000 35.075250
0.00290000 35.075250
0.00292000 35.075250
0.00294000 35.075250
0.00296000 35.075250
0.00298000 35.075250
0.00300000 35.075250
0.00302  35.07525
0.00304  35.07525
0.00306  35.07525
0.00308  35.07525
0.0031  35.07525
0.00312  35.07525
0.00314  35.07525
0.00316  35.07525
0.00318  35.07525
0.0032  35.07525
0.00322  35.07525
0.00324  35.07525
0.00326  35.07525
0.00328  35.07525
0.0033  35.07525
0.00332  35.07525
0.00334  35.07525
0.00336  35.07525
0.00338  35.07525
0.0034  35.07525
0.00342  35.07525
0.00344  35.07525
0.00346  35.07525
0.00348  35.07525
0.0035  35.07525
0.00352  35.07525
0.00354  35.07525
0.00356  35.07525
0.00358  35.07525
0.0036  35.07525
0.00362  35.07525
0.00364  35.07525
0.00366  35.07525
0.00368  35.07525
0.0037  35.07525
0.00372  35.07525
0.00374  35.07525
0.00376  35.07525
0.00378  35.07525
0.0038  35.07525
0.00382  35.07525
0.00384  35.07525
0.00386  35.07525
0.00388  35.07525
0.0039  35.07525
0.00392  35.07525
0.00394  35.07525
0.00396  35.07525
0.00398  35.07525
0.004  35.07525
0.00402  35.07525
0.00404  35.07525
0.00406  35.07525
0.00408  35.07525
0.0041  35.07525
0.00412  35.07525
0.00414  35.07525
0.00416  35.07525
0.00418  35.07525
0.0042  35.07525
0.00422  35.07525
0.00424  35.07525
0.00426  35.07525
0.00428  35.07525
0.0043  35.07525
0.00432  35.07525
0.00434  35.07525
0.00436  35.07525
0.00438  35.07525
0.0044  35.07525
0.00442  35.07525
0.00444  35.07525
0.00446  35.07525
0.00448  35.07525
0.0045  35.07525
0.00452  35.07525
0.00454  35.07525
0.00456  35.07525
0.00458  35.07525
0.0046  35.07525
0.00462  35.07525
0.00464  35.07525
0.00466  35.07525
0.00468  35.07525
0.0047  35.07525
0.00472  35.07525
0.00474  35.07525
0.00476  35.07525
0.00478  35.07525
0.0048  35.07525
0.00482  35.07525
0.00484  35.07525
0.00486  35.07525
0.00488  35.07525
0.0049  35.07525
0.00492  35.07525
0.00494  35.07525
0.00496  35.07525
0.00498  35.07525
0.005  35.07525
0.00502  35.07525
0.00504  35.07525
0.00506  35.07525
0.00508  35.07525
0.0051  35.07525
0.00512  35.07525
0.00514  35.07525
0.00516  35.07525
0.00518  35.07525
0.0052  35.07525
0.00522  35.07525
0.00524  35.07525
0.00526  35.07525
0.00528  35.07525
0.0053  35.07525
0.00532  35.07525
0.00534  35.07525
0.00536  35.07525
0.00538  35.07525
0.0054  35.07525
0.00542  35.07525
0.00544  35.07525
0.00546  35.07525
0.00548  35.07525
0.0055  35.07525
0.00552  35.07525
0.00554  35.07525
0.00556  35.07525
0.00558  35.07525
0.0056  35.07525
0.00562  35.07525
0.00564  35.07525
0.00566  35.07525
0.00568  35.07525
0.0057  35.07525
0.00572  35.07525
0.00574  35.07525
0.00576  35.07525
0.00578  35.07525
0.0058  35.07525
0.00582  35.07525
0.00584  35.07525
0.00586  35.07525
0.00588  35.07525
0.0059  35.07525
0.00592  35.07525
0.00594  35.07525
0.00596  35.07525
0.00598  35.07525
0.006  35.07525
0.00602  35.07525
0.00604  35.07525
0.00606  35.07525
0.00608  35.07525
0.0061  35.07525
0.00612  35.07525
0.00614  35.07525
0.00616  35.07525
0.00618  35.07525
0.0062  35.07525
0.00622  35.07525
0.00624  35.07525
0.00626  35.07525
0.00628  35.07525
0.0063  35.07525
0.00632  35.07525
0.00634  35.07525
0.00636  35.07525
0.00638  35.07525
0.0064  35.07525
0.00642  35.07525
0.00644  35.07525
0.00646  35.07525
0.00648  35.07525
0.0065  35.07525
0.00652  35.07525
0.00654  35.07525
0.00656  35.07525
0.00658  35.07525
0.0066  35.07525
0.00662  35.07525
0.00664  35.07525
0.00666  35.07525
0.00668  35.07525
0.0067  35.07525
0.00672  35.07525
0.00674  35.07525
0.00676  35.07525
0.00678  35.07525
0.0068  35.07525
0.00682  35.07525
0.00684  35.07525
0.00686  35.07525
0.00688  35.07525
0.0069  35.07525
0.00692  35.07525
0.00694  35.07525
0.00696  35.07525
0.00698  35.07525
0.007  35.07525
0.00702  35.07525
0.00704  35.07525
0.00706  35.07525
0.00708  35.07525
0.0071  35.07525
0.00712  35.07525
0.00714  35.07525
0.00716  35.07525
0.00718  35.07525
0.0072  35.07525
0.00722  35.07525
0.00724  35.07525
0.00726  35.07525
0.00728  35.07525
0.0073  35.07525
0.00732  35.07525
0.00734  35.07525
0.00736  35.07525
0.00738  35.07525
0.0074  35.07525
0.00742  35.07525
0.00744  35.07525
0.00746  35.07525
0.00748  35.07525
0.0075  35.07525
0.00752  35.07525
0.00754  35.07525
0.00756  35.07525
0.00758  35.07525
0.0076  35.07525
0.00762  35.07525
0.00764  35.07525
0.00766  35.07525
0.00768  35.07525
0.0077  35.07525
0.00772  35.07525
0.00774  35.07525
0.00776  35.07525
0.00778  35.07525
0.0078  35.07525
0.00782  35.07525
0.00784  35.07525
0.00786  35.07525
0.00788  35.07525
0.0079  35.07525
0.00792  35.07525
0.00794  35.07525
0.00796  35.07525
0.00798  35.07525
0.008  35.07525
0.00802  35.07525
0.00804  35.07525
0.00806  35.07525
0.00808  35.07525
0.0081  35.07525
0.00812  35.07525
0.00814  35.07525
0.00816  35.07525
0.00818  35.07525
0.0082  35.07525
0.00822  35.07525
0.00824  35.07525
0.00826  35.07525
0.00828  35.07525
0.0083  35.07525
0.00832  35.07525
0.00834  35.07525
0.00836  35.07525
0.00838  35.07525
0.0084  35.07525
0.00842  35.07525
0.00844  35.07525
0.00846  35.07525
0.00848  35.07525
0.0085  35.07525
0.00852  35.07525
0.00854  35.07525
0.00856  35.07525
0.00858  35.07525
0.0086  35.07525
0.00862  35.07525
0.00864  35.07525
0.00866  35.07525
0.00868  35.07525
0.0087  35.07525
0.00872  35.07525
0.00874  35.07525
0.00876  35.07525
0.00878  35.07525
0.0088  35.07525
0.00882  35.07525
0.00884  35.07525
0.00886  35.07525
0.00888  35.07525
0.0089  35.07525
0.00892  35.07525
0.00894  35.07525
0.00896  35.07525
0.00898  35.07525
0.009  35.07525
0.00902  35.07525
0.00904  35.07525
0.00906  35.07525
0.00908  35.07525
0.0091  35.07525
0.00912  35.07525
0.00914  35.07525
0.00916  35.07525
0.00918  35.07525
0.0092  35.07525
0.00922  35.07525
0.00924  35.07525
0.00926  35.07525
0.00928  35.07525
0.0093  35.07525
0.00932  35.07525
0.00934  35.07525
0.00936  35.07525
0.00938  35.07525
0.0094  35.07525
0.00942  35.07525
0.00944  35.07525
0.00946  35.07525
0.00948  35.07525
0.0095  35.07525
0.00952  35.07525
0.00954  35.07525
0.00956  35.07525
0.00958  35.07525
0.0096  35.07525
0.00962  35.07525
0.00964  35.07525
0.00966  35.07525
0.00968  35.07525
0.0097  35.07525
0.00972  35.07525
0.00974  35.07525
0.00976  35.07525
0.00978  35.07525
0.0098  35.07525
0.00982  35.07525
0.00984  35.07525
0.00986  35.07525
0.00988  35.07525
0.0099  35.07525
0.00992  35.07525
0.00994  35.07525
0.00996  35.07525
0.00998  35.07525
0.01  35.07525
0.01002  35.07525
0.01004  35.07525
0.01006  35.07525
0.01008  35.07525
0.0101  35.07525
0.01012  35.07525
0.01014  35.07525
0.01016  35.07525
0.01018  35.07525
0.0102  35.07525
0.01022  35.07525
0.01024  35.07525
0.01026  35.07525
0.01028  35.07525
0.0103  35.07525
0.01032  35.07525
0.01034  35.07525
0.01036  35.07525
0.01038  35.07525
0.0104  35.07525
0.01042  35.07525
0.01044  35.07525
0.01046  35.07525
0.01048  35.07525
0.0105  35.07525
0.01052  35.07525
0.01054  35.07525
0.01056  35.07525
0.01058  35.07525
0.0106  35.07525
0.01062  35.07525
0.01064  35.07525
0.01066  35.07525
0.01068  35.07525
0.0107  35.07525
0.01072  35.07525
0.01074  35.07525
0.01076  35.07525
0.01078  35.07525
0.0108  35.07525
0.01082  35.07525
0.01084  35.07525
0.01086  35.07525
0.01088  35.07525
0.0109  35.07525
0.01092  35.07525
0.01094  35.07525
0.01096  35.07525
0.01098  35.07525
0.011  35.07525
0.01102  35.07525
0.01104  35.07525
0.01106  35.07525
0.01108  35.07525
0.0111  35.07525
0.01112  35.07525
0.01114  35.07525
0.01116  35.07525
0.01118  35.07525
0.0112  35.07525
0.01122  35.07525
0.01124  35.07525
0.01126  35.07525
0.01128  35.07525
0.0113  35.07525
0.01132  35.07525
0.01134  35.07525
0.01136  35.07525
0.01138  35.07525
0.0114  35.07525
0.01142  35.07525
0.01144  35.07525
0.01146  35.07525
0.01148  35.07525
0.0115  35.07525
0.01152  35.07525
0.01154  35.07525
0.01156  35.07525
0.01158  35.07525
0.0116  35.07525
0.01162  35.07525
0.01164  35.07525
0.01166  35.07525
0.01168  35.07525
0.0117  35.07525
0.01172  35.07525
0.01174  35.07525
0.01176  35.07525
0.01178  35.07525
0.0118  35.07525
0.01182  35.07525
0.01184  35.07525
0.01186  35.07525
0.01188  35.07525
0.0119  35.07525
0.01192  35.07525
0.01194  35.07525
0.01196  35.07525
0.01198  35.07525
0.012  35.07525
0.01202  35.07525
0.01204  35.07525
0.01206  35.07525
0.01208  35.07525
0.0121  35.07525
0.01212  35.07525
0.01214  35.07525
0.01216  35.07525
0.01218  35.07525
0.0122  35.07525
0.01222  35.07525
0.01224  35.07525
0.01226  35.07525
0.01228  35.07525
0.0123  35.07525
0.01232  35.07525
0.01234  35.07525
0.01236  35.07525
0.01238  35.07525
0.0124  35.07525
0.01242  35.07525
0.01244  35.07525
0.01246  35.07525
0.01248  35.07525
0.0125  35.07525
0.01252  35.07525
0.01254  35.07525
0.01256  35.07525
0.01258  35.07525
0.0126  35.07525
0.01262  35.07525
0.01264  35.07525
0.01266  35.07525
0.01268  35.07525
0.0127  35.07525
0.01272  35.07525
0.01274  35.07525
0.01276  35.07525
0.01278  35.07525
0.0128  35.07525
0.01282  35.07525
0.01284  35.07525
0.01286  35.07525
0.01288  35.07525
0.0129  35.07525
0.01292  35.07525
0.01294  35.07525
0.01296  35.07525
0.01298  35.07525
0.013  35.07525
0.01302  35.07525
0.01304  35.07525
0.01306  35.07525
0.01308  35.07525
0.0131  35.07525
0.01312  35.07525
0.01314  35.07525
0.01316  35.07525
0.01318  35.07525
0.0132  35.07525
0.01322  35.07525
0.01324  35.07525
0.01326  35.07525
0.01328  35.07525
0.0133  35.07525
0.01332  35.07525
0.01334  35.07525
0.01336  35.07525
0.01338  35.07525
0.0134  35.07525
0.01342  35.07525
0.01344  35.07525
0.01346  35.07525
0.01348  35.07525
0.0135  35.07525
0.01352  35.07525
0.01354  35.07525
0.01356  35.07525
0.01358  35.07525
0.0136  35.07525
0.01362  35.07525
0.01364  35.07525
0.01366  35.07525
0.01368  35.07525
0.0137  35.07525
0.01372  35.07525
0.01374  35.07525
0.01376  35.07525
0.01378  35.07525
0.0138  35.07525
0.01382  35.07525
0.01384  35.07525
0.01386  35.07525
0.01388  35.07525
0.0139  35.07525
0.01392  35.07525
0.01394  35.07525
0.01396  35.07525
0.01398  35.07525
0.014  35.07525
0.01402  35.07525
0.01404  35.07525
0.01406  35.07525
0.01408  35.07525
0.0141  35.07525
0.01412  35.07525
0.01414  35.07525
0.01416  35.07525
0.01418  35.07525
0.0142  35.07525
0.01422  35.07525
0.01424  35.07525
0.01426  35.07525
0.01428  35.07525
0.0143  35.07525
0.01432  35.07525
0.01434  35.07525
0.01436  35.07525
0.01438  35.07525
0.0144  35.07525
0.01442  35.07525
0.01444  35.07525
0.01446  35.07525
0.01448  35.07525
0.0145  35.07525
0.01452  35.07525
0.01454  35.07525
0.01456  35.07525
0.01458  35.07525
0.0146  35.07525
0.01462  35.07525
0.01464  35.07525
0.01466  35.07525
0.01468  35.07525
0.0147  35.07525
0.01472  35.07525
0.01474  35.07525
0.01476  35.07525
0.01478  35.07525
0.0148  35.07525
0.01482  35.07525
0.01484  35.07525
0.01486  35.07525
0.01488  35.07525
0.0149  35.07525
0.01492  35.07525
0.01494  35.07525
0.01496  35.07525
0.01498  35.07525
0.015  35.07525
0.01502  35.07525
0.01504  35.07525
0.01506  35.07525
0.01508  35.07525
0.0151  35.07525
0.01512  35.07525
0.01514  35.07525
0.01516  35.07525
0.01518  35.07525
0.0152  35.07525
0.01522  35.07525
0.01524  35.07525
0.01526  35.07525
0.01528  35.07525
0.0153  35.07525
0.01532  35.07525
0.01534  35.07525
0.01536  35.07525
0.01538  35.07525
0.0154  35.07525
0.01542  35.07525
0.01544  35.07525
0.01546  35.07525
0.01548  35.07525
0.0155  35.07525
0.01552  35.07525
0.01554  35.07525
0.01556  35.07525
0.01558  35.07525
0.0156  35.07525
0.01562  35.07525
0.01564  35.07525
0.01566  35.07525
0.01568  35.07525
0.0157  35.07525
0.01572  35.07525
0.01574  35.07525
0.01576  35.07525
0.01578  35.07525
0.0158  35.07525
0.01582  35.07525
0.01584  35.07525
0.01586  35.07525
0.01588  35.07525
0.0159  35.07525
0.01592  35.07525
0.01594  35.07525
0.01596  35.07525
0.01598  35.07525
0.016  35.07525
0.01602  35.07525
0.01604  35.07525
0.01606  35.07525
0.01608  35.07525
0.0161  35.07525
0.01612  35.07525
0.01614  35.07525
0.01616  35.07525
0.01618  35.07525
0.0162  35.07525
0.01622  35.07525
0.01624  35.07525
0.01626  35.07525
0.01628  35.07525
0.0163  35.07525
0.01632  35.07525
0.01634  35.07525
0.01636  35.07525
0.01638  35.07525
0.0164  35.07525
0.01642  35.07525
0.01644  35.07525
0.01646  35.07525
0.01648  35.07525
0.0165  35.07525
0.01652  35.07525
0.01654  35.07525
0.01656  35.07525
0.01658  35.07525
0.0166  35.07525
0.01662  35.07525
0.01664  35.07525
0.01666  35.07525
0.01668  35.07525
0.0167  35.07525
0.01672  35.07525
0.01674  35.07525
0.01676  35.07525
0.01678  35.07525
0.0168  35.07525
0.01682  35.07525
0.01684  35.07525
0.01686  35.07525
0.01688  35.07525
0.0169  35.07525
0.01692  35.07525
0.01694  35.07525
0.01696  35.07525
0.01698  35.07525
0.017  35.07525
0.01702  35.07525
0.01704  35.07525
0.01706  35.07525
0.01708  35.07525
0.0171  35.07525
0.01712  35.07525
0.01714  35.07525
0.01716  35.07525
0.01718  35.07525
0.0172  35.07525
0.01722  35.07525
0.01724  35.07525
0.01726  35.07525
0.01728  35.07525
0.0173  35.07525
0.01732  35.07525
0.01734  35.07525
0.01736  35.07525
0.01738  35.07525
0.0174  35.07525
0.01742  35.07525
0.01744  35.07525
0.01746  35.07525
0.01748  35.07525
0.0175  35.07525
0.01752  35.07525
0.01754  35.07525
0.01756  35.07525
0.01758  35.07525
0.0176  35.07525
0.01762  35.07525
0.01764  35.07525
0.01766  35.07525
0.01768  35.07525
0.0177  35.07525
0.01772  35.07525
0.01774  35.07525
0.01776  35.07525
0.01778  35.07525
0.0178  35.07525
0.01782  35.07525
0.01784  35.07525
0.01786  35.07525
0.01788  35.07525
0.0179  35.07525
0.01792  35.07525
0.01794  35.07525
0.01796  35.07525
0.01798  35.07525
0.018  35.07525
0.01802  35.07525
0.01804  35.07525
0.01806  35.07525
0.01808  35.07525
0.0181  35.07525
0.01812  35.07525
0.01814  35.07525
0.01816  35.07525
0.01818  35.07525
0.0182  35.07525
0.01822  35.07525
0.01824  35.07525
0.01826  35.07525
0.01828  35.07525
0.0183  35.07525
0.01832  35.07525
0.01834  35.07525
0.01836  35.07525
0.01838  35.07525
0.0184  35.07525
0.01842  35.07525
0.01844  35.07525
0.01846  35.07525
0.01848  35.07525
0.0185  35.07525
0.01852  35.07525
0.01854  35.07525
0.01856  35.07525
0.01858  35.07525
0.0186  35.07525
0.01862  35.07525
0.01864  35.07525
0.01866  35.07525
0.01868  35.07525
0.0187  35.07525
0.01872  35.07525
0.01874  35.07525
0.01876  35.07525
0.01878  35.07525
0.0188  35.07525
0.01882  35.07525
0.01884  35.07525
0.01886  35.07525
0.01888  35.07525
0.0189  35.07525
0.01892  35.07525
0.01894  35.07525
0.01896  35.07525
0.01898  35.07525
0.019  35.07525
0.01902  35.07525
0.01904  35.07525
0.01906  35.07525
0.01908  35.07525
0.0191  35.07525
0.01912  35.07525
0.01914  35.07525
0.01916  35.07525
0.01918  35.07525
0.0192  35.07525
0.01922  35.07525
0.01924  35.07525
0.01926  35.07525
0.01928  35.07525
0.0193  35.07525
0.01932  35.07525
0.01934  35.07525
0.01936  35.07525
0.01938  35.07525
0.0194  35.07525
0.01942  35.07525
0.01944  35.07525
0.01946  35.07525
0.01948  35.07525
0.0195  35.07525
0.01952  35.07525
0.01954  35.07525
0.01956  35.07525
0.01958  35.07525
0.0196  35.07525
0.01962  35.07525
0.01964  35.07525
0.01966  35.07525
0.01968  35.07525
0.0197  35.07525
0.01972  35.07525
0.01974  35.07525
0.01976  35.07525
0.01978  35.07525
0.0198  35.07525
0.01982  35.07525
0.01984  35.07525
0.01986  35.07525
0.01988  35.07525
0.0199  35.07525
0.01992  35.07525
0.01994  35.07525
0.01996  35.07525
0.01998  35.07525
0.02  35.075250
0.02002  35.075250
0.02004  35.075250
0.02006  35.075250
0.02008  35.075250
0.0201  35.075250
0.02012  35.075250
0.02014  35.075250
0.02016  35.075250
0.02018  35.075250
0.0202  35.075250
0.02022  35.075250
0.02024  35.075250
0.02026  43.190140
0.02028  58.143820
0.0203  78.274700
0.02032  105.375900
0.02034  153.366500
0.02036  245.064400
0.02038  428.479100
0.0204  806.967000
0.02042  1588.174000
0.02044  3130.372000
0.02046  5875.037000
0.02048  9941.750000
0.0205  14398.580000
0.02052  17128.510000
0.02054  16374.050000
0.02056  12642.350000
0.02058  8145.620000
0.0206  4628.302000
0.02062  2481.010000
0.02064  1338.981000
0.02066  764.911000
0.02068  476.331100
0.0207  326.337200
0.02072  243.217100
0.02074  209.066900
0.02076  180.552400
0.02078  156.655100
0.0208  136.556700
0.02082  119.593600
0.02084  105.226800
0.02086  93.018800
0.02088  82.611900
0.0209  73.711400
0.02092  66.078040
0.02094  59.511900
0.02096  53.848760
0.02098  48.952260
0.021  44.709070
0.02102  41.024550
0.02104  37.819670
0.02106  35.028140
0.02108  35.075250
0.0211  35.075250
0.02112  35.075250
0.02114  35.075250
0.02116  35.075250
0.02118  35.075250
0.0212  35.075250
0.02122  35.075250
0.02124  35.075250
0.02126  35.075250
0.02128  35.075250
0.0213  35.075250
0.02132  35.075250
0.02134  35.075250
0.02136  35.075250
0.02138  35.075250
0.0214  35.075250
0.02142  35.075250
0.02144  35.075250
0.02146  35.075250
0.02148  35.075250
0.0215  35.075250
0.02152  35.075250
0.02154  35.075250
0.02156  35.075250
0.02158  35.075250
0.0216  35.075250
0.02162  35.075250
0.02164  35.075250
0.02166  35.075250
0.02168  35.075250
0.0217  35.075250
0.02172  35.075250
0.02174  35.075250
0.02176  35.075250
0.02178  35.075250
0.0218  35.075250
0.02182  35.075250
0.02184  35.075250
0.02186  35.075250
0.02188  35.075250
0.0219  35.075250
0.02192  35.075250
0.02194  35.075250
0.02196  35.075250
0.02198  35.075250
0.022  35.075250
0.02202  35.075250
0.02204  35.075250
0.02206  35.075250
0.02208  35.075250
0.0221  35.075250
0.02212  35.075250
0.02214  35.075250
0.02216  35.075250
0.02218  35.075250
0.0222  35.075250
0.02222  35.075250
0.02224  35.075250
0.02226  35.075250
0.02228  35.075250
0.0223  35.075250
0.02232  35.075250
0.02234  35.075250
0.02236  35.075250
0.02238  35.075250
0.0224  35.075250
0.02242  35.075250
0.02244  35.075250
0.02246  35.075250
0.02248  35.075250
0.0225  35.075250
0.02252  35.075250
0.02254  35.075250
0.02256  35.075250
0.02258  35.075250
0.0226  35.075250
0.02262  35.075250
0.02264  35.075250
0.02266  35.075250
0.02268  35.075250
0.0227  35.075250
0.02272  35.075250
0.02274  35.075250
0.02276  35.075250
0.02278  35.075250
0.0228  35.075250
0.02282  35.075250
0.02284  35.075250
0.02286  35.075250
0.02288  35.075250
0.0229  35.075250
0.02292  35.075250
0.02294  35.075250
0.02296  35.075250
0.02298  35.075250
0.023  35.075250
0.02302  35.07525
0.02304  35.07525
0.02306  35.07525
0.02308  35.07525
0.0231  35.07525
0.02312  35.07525
0.02314  35.07525
0.02316  35.07525
0.02318  35.07525
0.0232  35.07525
0.02322  35.07525
0.02324  35.07525
0.02326  35.07525
0.02328  35.07525
0.0233  35.07525
0.02332  35.07525
0.02334  35.07525
0.02336  35.07525
0.02338  35.07525
0.0234  35.07525
0.02342  35.07525
0.02344  35.07525
0.02346  35.07525
0.02348  35.07525
0.0235  35.07525
0.02352  35.07525
0.02354  35.07525
0.02356  35.07525
0.02358  35.07525
0.0236  35.07525
0.02362  35.07525
0.02364  35.07525
0.02366  35.07525
0.02368  35.07525
0.0237  35.07525
0.02372  35.07525
0.02374  35.07525
0.02376  35.07525
0.02378  35.07525
0.0238  35.07525
0.02382  35.07525
0.02384  35.07525
0.02386  35.07525
0.02388  35.07525
0.0239  35.07525
0.02392  35.07525
0.02394  35.07525
0.02396  35.07525
0.02398  35.07525
0.024  35.07525
0.02402  35.07525
0.02404  35.07525
0.02406  35.07525
0.02408  35.07525
0.0241  35.07525
0.02412  35.07525
0.02414  35.07525
0.02416  35.07525
0.02418  35.07525
0.0242  35.07525
0.02422  35.07525
0.02424  35.07525
0.02426  35.07525
0.02428  35.07525
0.0243  35.07525
0.02432  35.07525
0.02434  35.07525
0.02436  35.07525
0.02438  35.07525
0.0244  35.07525
0.02442  35.07525
0.02444  35.07525
0.02446  35.07525
0.02448  35.07525
0.0245  35.07525
0.02452  35.07525
0.02454  35.07525
0.02456  35.07525
0.02458  35.07525
0.0246  35.07525
0.02462  35.07525
0.02464  35.07525
0.02466  35.07525
0.02468  35.07525
0.0247  35.07525
0.02472  35.07525
0.02474  35.07525
0.02476  35.07525
0.02478  35.07525
0.0248  35.07525
0.02482  35.07525
0.02484  35.07525
0.02486  35.07525
0.02488  35.07525
0.0249  35.07525
0.02492  35.07525
0.02494  35.07525
0.02496  35.07525
0.02498  35.07525
0.025  35.07525
0.02502  35.07525
0.02504  35.07525
0.02506  35.07525
0.02508  35.07525
0.0251  35.07525
0.02512  35.07525
0.02514  35.07525
0.02516  35.07525
0.02518  35.07525
0.0252  35.07525
0.02522  35.07525
0.02524  35.07525
0.02526  35.07525
0.02528  35.07525
0.0253  35.07525
0.02532  35.07525
0.02534  35.07525
0.02536  35.07525
0.02538  35.07525
0.0254  35.07525
0.02542  35.07525
0.02544  35.07525
0.02546  35.07525
0.02548  35.07525
0.0255  35.07525
0.02552  35.07525
0.02554  35.07525
0.02556  35.07525
0.02558  35.07525
0.0256  35.07525
0.02562  35.07525
0.02564  35.07525
0.02566  35.07525
0.02568  35.07525
0.0257  35.07525
0.02572  35.07525
0.02574  35.07525
0.02576  35.07525
0.02578  35.07525
0.0258  35.07525
0.02582  35.07525
0.02584  35.07525
0.02586  35.07525
0.02588  35.07525
0.0259  35.07525
0.02592  35.07525
0.02594  35.07525
0.02596  35.07525
0.02598  35.07525
0.026  35.07525
0.02602  35.07525
0.02604  35.07525
0.02606  35.07525
0.02608  35.07525
0.0261  35.07525
0.02612  35.07525
0.02614  35.07525
0.02616  35.07525
0.02618  35.07525
0.0262  35.07525
0.02622  35.07525
0.02624  35.07525
0.02626  35.07525
0.02628  35.07525
0.0263  35.07525
0.02632  35.07525
0.02634  35.07525
0.02636  35.07525
0.02638  35.07525
0.0264  35.07525
0.02642  35.07525
0.02644  35.07525
0.02646  35.07525
0.02648  35.07525
0.0265  35.07525
0.02652  35.07525
0.02654  35.07525
0.02656  35.07525
0.02658  35.07525
0.0266  35.07525
0.02662  35.07525
0.02664  35.07525
0.02666  35.07525
0.02668  35.07525
0.0267  35.07525
0.02672  35.07525
0.02674  35.07525
0.02676  35.07525
0.02678  35.07525
0.0268  35.07525
0.02682  35.07525
0.02684  35.07525
0.02686  35.07525
0.02688  35.07525
0.0269  35.07525
0.02692  35.07525
0.02694  35.07525
0.02696  35.07525
0.02698  35.07525
0.027  35.07525
0.02702  35.07525
0.02704  35.07525
0.02706  35.07525
0.02708  35.07525
0.0271  35.07525
0.02712  35.07525
0.02714  35.07525
0.02716  35.07525
0.02718  35.07525
0.0272  35.07525
0.02722  35.07525
0.02724  35.07525
0.02726  35.07525
0.02728  35.07525
0.0273  35.07525
0.02732  35.07525
0.02734  35.07525
0.02736  35.07525
0.02738  35.07525
0.0274  35.07525
0.02742  35.07525
0.02744  35.07525
0.02746  35.07525
0.02748  35.07525
0.0275  35.07525
0.02752  35.07525
0.02754  35.07525
0.02756  35.07525
0.02758  35.07525
0.0276  35.07525
0.02762  35.07525
0.02764  35.07525
0.02766  35.07525
0.02768  35.07525
0.0277  35.07525
0.02772  35.07525
0.02774  35.07525
0.02776  35.07525
0.02778  35.07525
0.0278  35.07525
0.02782  35.07525
0.02784  35.07525
0.02786  35.07525
0.02788  35.07525
0.0279  35.07525
0.02792  35.07525
0.02794  35.07525
0.02796  35.07525
0.02798  35.07525
0.028  35.07525
0.02802  35.07525
0.02804  35.07525
0.02806  35.07525
0.02808  35.07525
0.0281  35.07525
0.02812  35.07525
0.02814  35.07525
0.02816  35.07525
0.02818  35.07525
0.0282  35.07525
0.02822  35.07525
0.02824  35.07525
0.02826  35.07525
0.02828  35.07525
0.0283  35.07525
0.02832  35.07525
0.02834  35.07525
0.02836  35.07525
0.02838  35.07525
0.0284  35.07525
0.02842  35.07525
0.02844  35.07525
0.02846  35.07525
0.02848  35.07525
0.0285  35.07525
0.02852  35.07525
0.02854  35.07525
0.02856  35.07525
0.02858  35.07525
0.0286  35.07525
0.02862  35.07525
0.02864  35.07525
0.02866  35.07525
0.02868  35.07525
0.0287  35.07525
0.02872  35.07525
0.02874  35.07525
0.02876  35.07525
0.02878  35.07525
0.0288  35.07525
0.02882  35.07525
0.02884  35.07525
0.02886  35.07525
0.02888  35.07525
0.0289  35.07525
0.02892  35.07525
0.02894  35.07525
0.02896  35.07525
0.02898  35.07525
0.029  35.07525
0.02902  35.07525
0.02904  35.07525
0.02906  35.07525
0.02908  35.07525
0.0291  35.07525
0.02912  35.07525
0.02914  35.07525
0.02916  35.07525
0.02918  35.07525
0.0292  35.07525
0.02922  35.07525
0.02924  35.07525
0.02926  35.07525
0.02928  35.07525
0.0293  35.07525
0.02932  35.07525
0.02934  35.07525
0.02936  35.07525
0.02938  35.07525
0.0294  35.07525
0.02942  35.07525
0.02944  35.07525
0.02946  35.07525
0.02948  35.07525
0.0295  35.07525
0.02952  35.07525
0.02954  35.07525
0.02956  35.07525
0.02958  35.07525
0.0296  35.07525
0.02962  35.07525
0.02964  35.07525
0.02966  35.07525
0.02968  35.07525
0.0297  35.07525
0.02972  35.07525
0.02974  35.07525
0.02976  35.07525
0.02978  35.07525
0.0298  35.07525
0.02982  35.07525
0.02984  35.07525
0.02986  35.07525
0.02988  35.07525
0.0299  35.07525
0.02992  35.07525
0.02994  35.07525
0.02996  35.07525
0.02998  35.07525
0.03  35.07525
0.03002  35.07525
0.03004  35.07525
0.03006  35.07525
0.03008  35.07525
0.0301  35.07525
0.03012  35.07525
0.03014  35.07525
0.03016  35.07525
0.03018  35.07525
0.0302  35.07525
0.03022  35.07525
0.03024  35.07525
0.03026  35.07525
0.03028  35.07525
0.0303  35.07525
0.03032  35.07525
0.03034  35.07525
0.03036  35.07525
0.03038  35.07525
0.0304  35.07525
0.03042  35.07525
0.03044  35.07525
0.03046  35.07525
0.03048  35.07525
0.0305  35.07525
0.03052  35.07525
0.03054  35.07525
0.03056  35.07525
0.03058  35.07525
0.0306  35.07525
0.03062  35.07525
0.03064  35.07525
0.03066  35.07525
0.03068  35.07525
0.0307  35.07525
0.03072  35.07525
0.03074  35.07525
0.03076  35.07525
0.03078  35.07525
0.0308  35.07525
0.03082  35.07525
0.03084  35.07525
0.03086  35.07525
0.03088  35.07525
0.0309  35.07525
0.03092  35.07525
0.03094  35.07525
0.03096  35.07525
0.03098  35.07525
0.031  35.07525
0.03102  35.07525
0.03104  35.07525
0.03106  35.07525
0.03108  35.07525
0.0311  35.07525
0.03112  35.07525
0.03114  35.07525
0.03116  35.07525
0.03118  35.07525
0.0312  35.07525
0.03122  35.07525
0.03124  35.07525
0.03126  35.07525
0.03128  35.07525
0.0313  35.07525
0.03132  35.07525
0.03134  35.07525
0.03136  35.07525
0.03138  35.07525
0.0314  35.07525
0.03142  35.07525
0.03144  35.07525
0.03146  35.07525
0.03148  35.07525
0.0315  35.07525
0.03152  35.07525
0.03154  35.07525
0.03156  35.07525
0.03158  35.07525
0.0316  35.07525
0.03162  35.07525
0.03164  35.07525
0.03166  35.07525
0.03168  35.07525
0.0317  35.07525
0.03172  35.07525
0.03174  35.07525
0.03176  35.07525
0.03178  35.07525
0.0318  35.07525
0.03182  35.07525
0.03184  35.07525
0.03186  35.07525
0.03188  35.07525
0.0319  35.07525
0.03192  35.07525
0.03194  35.07525
0.03196  35.07525
0.03198  35.07525
0.032  35.07525
0.03202  35.07525
0.03204  35.07525
0.03206  35.07525
0.03208  35.07525
0.0321  35.07525
0.03212  35.07525
0.03214  35.07525
0.03216  35.07525
0.03218  35.07525
0.0322  35.07525
0.03222  35.07525
0.03224  35.07525
0.03226  35.07525
0.03228  35.07525
0.0323  35.07525
0.03232  35.07525
0.03234  35.07525
0.03236  35.07525
0.03238  35.07525
0.0324  35.07525
0.03242  35.07525
0.03244  35.07525
0.03246  35.07525
0.03248  35.07525
0.0325  35.07525
0.03252  35.07525
0.03254  35.07525
0.03256  35.07525
0.03258  35.07525
0.0326  35.07525
0.03262  35.07525
0.03264  35.07525
0.03266  35.07525
0.03268  35.07525
0.0327  35.07525
0.03272  35.07525
0.03274  35.07525
0.03276  35.07525
0.03278  35.07525
0.0328  35.07525
0.03282  35.07525
0.03284  35.07525
0.03286  35.07525
0.03288  35.07525
0.0329  35.07525
0.03292  35.07525
0.03294  35.07525
0.03296  35.07525
0.03298  35.07525
0.033  35.07525
0.03302  35.07525
0.03304  35.07525
0.03306  35.07525
0.03308  35.07525
0.0331  35.07525
0.03312  35.07525
0.03314  35.07525
0.03316  35.07525
0.03318  35.07525
0.0332  35.07525
0.03322  35.07525
0.03324  35.07525
0.03326  35.07525
0.03328  35.07525
0.0333  35.07525
0.03332  35.07525
0.03334  35.07525
0.03336  35.07525
0.03338  35.07525
0.0334  35.07525
0.03342  35.07525
0.03344  35.07525
0.03346  35.07525
0.03348  35.07525
0.0335  35.07525
0.03352  35.07525
0.03354  35.07525
0.03356  35.07525
0.03358  35.07525
0.0336  35.07525
0.03362  35.07525
0.03364  35.07525
0.03366  35.07525
0.03368  35.07525
0.0337  35.07525
0.03372  35.07525
0.03374  35.07525
0.03376  35.07525
0.03378  35.07525
0.0338  35.07525
0.03382  35.07525
0.03384  35.07525
0.03386  35.07525
0.03388  35.07525
0.0339  35.07525
0.03392  35.07525
0.03394  35.07525
0.03396  35.07525
0.03398  35.07525
0.034  35.07525
0.03402  35.07525
0.03404  35.07525
0.03406  35.07525
0.03408  35.07525
0.0341  35.07525
0.03412  35.07525
0.03414  35.07525
0.03416  35.07525
0.03418  35.07525
0.0342  35.07525
0.03422  35.07525
0.03424  35.07525
0.03426  35.07525
0.03428  35.07525
0.0343  35.07525
0.03432  35.07525
0.03434  35.07525
0.03436  35.07525
0.03438  35.07525
0.0344  35.07525
0.03442  35.07525
0.03444  35.07525
0.03446  35.07525
0.03448  35.07525
0.0345  35.07525
0.03452  35.07525
0.03454  35.07525
0.03456  35.07525
0.03458  35.07525
0.0346  35.07525
0.03462  35.07525
0.03464  35.07525
0.03466  35.07525
0.03468  35.07525
0.0347  35.07525
0.03472  35.07525
0.03474  35.07525
0.03476  35.07525
0.03478  35.07525
0.0348  35.07525
0.03482  35.07525
0.03484  35.07525
0.03486  35.07525
0.03488  35.07525
0.0349  35.07525
0.03492  35.07525
0.03494  35.07525
0.03496  35.07525
0.03498  35.07525
0.035  35.07525
0.03502  35.07525
0.03504  35.07525
0.03506  35.07525
0.03508  35.07525
0.0351  35.07525
0.03512  35.07525
0.03514  35.07525
0.03516  35.07525
0.03518  35.07525
0.0352  35.07525
0.03522  35.07525
0.03524  35.07525
0.03526  35.07525
0.03528  35.07525
0.0353  35.07525
0.03532  35.07525
0.03534  35.07525
0.03536  35.07525
0.03538  35.07525
0.0354  35.07525
0.03542  35.07525
0.03544  35.07525
0.03546  35.07525
0.03548  35.07525
0.0355  35.07525
0.03552  35.07525
0.03554  35.07525
0.03556  35.07525
0.03558  35.07525
0.0356  35.07525
0.03562  35.07525
0.03564  35.07525
0.03566  35.07525
0.03568  35.07525
0.0357  35.07525
0.03572  35.07525
0.03574  35.07525
0.03576  35.07525
0.03578  35.07525
0.0358  35.07525
0.03582  35.07525
0.03584  35.07525
0.03586  35.07525
0.03588  35.07525
0.0359  35.07525
0.03592  35.07525
0.03594  35.07525
0.03596  35.07525
0.03598  35.07525
0.036  35.07525
0.03602  35.07525
0.03604  35.07525
0.03606  35.07525
0.03608  35.07525
0.0361  35.07525
0.03612  35.07525
0.03614  35.07525
0.03616  35.07525
0.03618  35.07525
0.0362  35.07525
0.03622  35.07525
0.03624  35.07525
0.03626  35.07525
0.03628  35.07525
0.0363  35.07525
0.03632  35.07525
0.03634  35.07525
0.03636  35.07525
0.03638  35.07525
0.0364  35.07525
0.03642  35.07525
0.03644  35.07525
0.03646  35.07525
0.03648  35.07525
0.0365  35.07525
0.03652  35.07525
0.03654  35.07525
0.03656  35.07525
0.03658  35.07525
0.0366  35.07525
0.03662  35.07525
0.03664  35.07525
0.03666  35.07525
0.03668  35.07525
0.0367  35.07525
0.03672  35.07525
0.03674  35.07525
0.03676  35.07525
0.03678  35.07525
0.0368  35.07525
0.03682  35.07525
0.03684  35.07525
0.03686  35.07525
0.03688  35.07525
0.0369  35.07525
0.03692  35.07525
0.03694  35.07525
0.03696  35.07525
0.03698  35.07525
0.037  35.07525
0.03702  35.07525
0.03704  35.07525
0.03706  35.07525
0.03708  35.07525
0.0371  35.07525
0.03712  35.07525
0.03714  35.07525
0.03716  35.07525
0.03718  35.07525
0.0372  35.07525
0.03722  35.07525
0.03724  35.07525
0.03726  35.07525
0.03728  35.07525
0.0373  35.07525
0.03732  35.07525
0.03734  35.07525
0.03736  35.07525
0.03738  35.07525
0.0374  35.07525
0.03742  35.07525
0.03744  35.07525
0.03746  35.07525
0.03748  35.07525
0.0375  35.07525
0.03752  35.07525
0.03754  35.07525
0.03756  35.07525
0.03758  35.07525
0.0376  35.07525
0.03762  35.07525
0.03764  35.07525
0.03766  35.07525
0.03768  35.07525
0.0377  35.07525
0.03772  35.07525
0.03774  35.07525
0.03776  35.07525
0.03778  35.07525
0.0378  35.07525
0.03782  35.07525
0.03784  35.07525
0.03786  35.07525
0.03788  35.07525
0.0379  35.07525
0.03792  35.07525
0.03794  35.07525
0.03796  35.07525
0.03798  35.07525
0.038  35.07525
0.03802  35.07525
0.03804  35.07525
0.03806  35.07525
0.03808  35.07525
0.0381  35.07525
0.03812  35.07525
0.03814  35.07525
0.03816  35.07525
0.03818  35.07525
0.0382  35.07525
0.03822  35.07525
0.03824  35.07525
0.03826  35.07525
0.03828  35.07525
0.0383  35.07525
0.03832  35.07525
0.03834  35.07525
0.03836  35.07525
0.03838  35.07525
0.0384  35.07525
0.03842  35.07525
0.03844  35.07525
0.03846  35.07525
0.03848  35.07525
0.0385  35.07525
0.03852  35.07525
0.03854  35.07525
0.03856  35.07525
0.03858  35.07525
0.0386  35.07525
0.03862  35.07525
0.03864  35.07525
0.03866  35.07525
0.03868  35.07525
0.0387  35.07525
0.03872  35.07525
0.03874  35.07525
0.03876  35.07525
0.03878  35.07525
0.0388  35.07525
0.03882  35.07525
0.03884  35.07525
0.03886  35.07525
0.03888  35.07525
0.0389  35.07525
0.03892  35.07525
0.03894  35.07525
0.03896  35.07525
0.03898  35.07525
0.039  35.07525
0.03902  35.07525
0.03904  35.07525
0.03906  35.07525
0.03908  35.07525
0.0391  35.07525
0.03912  35.07525
0.03914  35.07525
0.03916  35.07525
0.03918  35.07525
0.0392  35.07525
0.03922  35.07525
0.03924  35.07525
0.03926  35.07525
0.03928  35.07525
0.0393  35.07525
0.03932  35.07525
0.03934  35.07525
0.03936  35.07525
0.03938  35.07525
0.0394  35.07525
0.03942  35.07525
0.03944  35.07525
0.03946  35.07525
0.03948  35.07525
0.0395  35.07525
0.03952  35.07525
0.03954  35.07525
0.03956  35.07525
0.03958  35.07525
0.0396  35.07525
0.03962  35.07525
0.03964  35.07525
0.03966  35.07525
0.03968  35.07525
0.0397  35.07525
0.03972  35.07525
0.03974  35.07525
0.03976  35.07525
0.03978  35.07525
0.0398  35.07525
0.03982  35.07525
0.03984  35.07525
0.03986  35.07525
0.03988  35.07525
0.0399  35.07525
0.03992  35.07525
0.03994  35.07525
0.03996  35.07525
0.03998  35.07525
0.04  35.075250
0.04002  35.075250
0.04004  35.075250
0.04006  35.075250
0.04008  35.075250
0.0401  35.075250
0.04012  35.075250
0.04014  35.075250
0.04016  35.075250
0.04018  35.075250
0.0402  35.075250
0.04022  35.075250
0.04024  35.075250
0.04026  43.190140
0.04028  58.143820
0.0403  78.274700
0.04032  105.375900
0.04034  153.366500
0.04036  245.064400
0.04038  428.479100
0.0404  806.967000
0.04042  1588.174000
0.04044  3130.372000
0.04046  5875.037000
0.04048  9941.750000
0.0405  14398.580000
0.04052  17128.510000
0.04054  16374.050000
0.04056  12642.350000
0.04058  8145.620000
0.0406  4628.302000
0.04062  2481.010000
0.04064  1338.981000
0.04066  764.911000
0.04068  476.331100
0.0407  326.337200
0.04072  243.217100
0.04074  209.066900
0.04076  180.552400
0.04078  156.655100
0.0408  136.556700
0.04082  119.593600
0.04084  105.226800
0.04086  93.018800
0.04088  82.611900
0.0409  73.711400
0.04092  66.078040
0.04094  59.511900
0.04096  53.848760
0.04098  48.952260
0.041  44.709070
0.04102  41.024550
0.04104  37.819670
0.04106  35.028140
0.04108  35.075250
0.0411  35.075250
0.04112  35.075250
0.04114  35.075250
0.04116  35.075250
0.04118  35.075250
0.0412  35.075250
0.04122  35.075250
0.04124  35.075250
0.04126  35.075250
0.04128  35.075250
0.0413  35.075250
0.04132  35.075250
0.04134  35.075250
0.04136  35.075250
0.04138  35.075250
0.0414  35.075250
0.04142  35.075250
0.04144  35.075250
0.04146  35.075250
0.04148  35.075250
0.0415  35.075250
0.04152  35.075250
0.04154  35.075250
0.04156  35.075250
0.04158  35.075250
0.0416  35.075250
0.04162  35.075250
0.04164  35.075250
0.04166  35.075250
0.04168  35.075250
0.0417  35.075250
0.04172  35.075250
0.04174  35.075250
0.04176  35.075250
0.04178  35.075250
0.0418  35.075250
0.04182  35.075250
0.04184  35.075250
0.04186  35.075250
0.04188  35.075250
0.0419  35.075250
0.04192  35.075250
0.04194  35.075250
0.04196  35.075250
0.04198  35.075250
0.042  35.075250
0.04202  35.075250
0.04204  35.075250
0.04206  35.075250
0.04208  35.075250
0.0421  35.075250
0.04212  35.075250
0.04214  35.075250
0.04216  35.075250
0.04218  35.075250
0.0422  35.075250
0.04222  35.075250
0.04224  35.075250
0.04226  35.075250
0.04228  35.075250
0.0423  35.075250
0.04232  35.075250
0.04234  35.075250
0.04236  35.075250
0.04238  35.075250
0.0424  35.075250
0.04242  35.075250
0.04244  35.075250
0.04246  35.075250
0.04248  35.075250
0.0425  35.075250
0.04252  35.075250
0.04254  35.075250
0.04256  35.075250
0.04258  35.075250
0.0426  35.075250
0.04262  35.075250
0.04264  35.075250
0.04266  35.075250
0.04268  35.075250
0.0427  35.075250
0.04272  35.075250
0.04274  35.075250
0.04276  35.075250
0.04278  35.075250
0.0428  35.075250
0.04282  35.075250
0.04284  35.075250
0.04286  35.075250
0.04288  35.075250
0.0429  35.075250
0.04292  35.075250
0.04294  35.075250
0.04296  35.075250
0.04298  35.075250
0.043  35.075250
0.04302  35.07525
0.04304  35.07525
0.04306  35.07525
0.04308  35.07525
0.0431  35.07525
0.04312  35.07525
0.04314  35.07525
0.04316  35.07525
0.04318  35.07525
0.0432  35.07525
0.04322  35.07525
0.04324  35.07525
0.04326  35.07525
0.04328  35.07525
0.0433  35.07525
0.04332  35.07525
0.04334  35.07525
0.04336  35.07525
0.04338  35.07525
0.0434  35.07525
0.04342  35.07525
0.04344  35.07525
0.04346  35.07525
0.04348  35.07525
0.0435  35.07525
0.04352  35.07525
0.04354  35.07525
0.04356  35.07525
0.04358  35.07525
0.0436  35.07525
0.04362  35.07525
0.04364  35.07525
0.04366  35.07525
0.04368  35.07525
0.0437  35.07525
0.04372  35.07525
0.04374  35.07525
0.04376  35.07525
0.04378  35.07525
0.0438  35.07525
0.04382  35.07525
0.04384  35.07525
0.04386  35.07525
0.04388  35.07525
0.0439  35.07525
0.04392  35.07525
0.04394  35.07525
0.04396  35.07525
0.04398  35.07525
0.044  35.07525
0.04402  35.07525
0.04404  35.07525
0.04406  35.07525
0.04408  35.07525
0.0441  35.07525
0.04412  35.07525
0.04414  35.07525
0.04416  35.07525
0.04418  35.07525
0.0442  35.07525
0.04422  35.07525
0.04424  35.07525
0.04426  35.07525
0.04428  35.07525
0.0443  35.07525
0.04432  35.07525
0.04434  35.07525
0.04436  35.07525
0.04438  35.07525
0.0444  35.07525
0.04442  35.07525
0.04444  35.07525
0.04446  35.07525
0.04448  35.07525
0.0445  35.07525
0.04452  35.07525
0.04454  35.07525
0.04456  35.07525
0.04458  35.07525
0.0446  35.07525
0.04462  35.07525
0.04464  35.07525
0.04466  35.07525
0.04468  35.07525
0.0447  35.07525
0.04472  35.07525
0.04474  35.07525
0.04476  35.07525
0.04478  35.07525
0.0448  35.07525
0.04482  35.07525
0.04484  35.07525
0.04486  35.07525
0.04488  35.07525
0.0449  35.07525
0.04492  35.07525
0.04494  35.07525
0.04496  35.07525
0.04498  35.07525
0.045  35.07525
0.04502  35.07525
0.04504  35.07525
0.04506  35.07525
0.04508  35.07525
0.0451  35.07525
0.04512  35.07525
0.04514  35.07525
0.04516  35.07525
0.04518  35.07525
0.0452  35.07525
0.04522  35.07525
0.04524  35.07525
0.04526  35.07525
0.04528  35.07525
0.0453  35.07525
0.04532  35.07525
0.04534  35.07525
0.04536  35.07525
0.04538  35.07525
0.0454  35.07525
0.04542  35.07525
0.04544  35.07525
0.04546  35.07525
0.04548  35.07525
0.0455  35.07525
0.04552  35.07525
0.04554  35.07525
0.04556  35.07525
0.04558  35.07525
0.0456  35.07525
0.04562  35.07525
0.04564  35.07525
0.04566  35.07525
0.04568  35.07525
0.0457  35.07525
0.04572  35.07525
0.04574  35.07525
0.04576  35.07525
0.04578  35.07525
0.0458  35.07525
0.04582  35.07525
0.04584  35.07525
0.04586  35.07525
0.04588  35.07525
0.0459  35.07525
0.04592  35.07525
0.04594  35.07525
0.04596  35.07525
0.04598  35.07525
0.046  35.07525
0.04602  35.07525
0.04604  35.07525
0.04606  35.07525
0.04608  35.07525
0.0461  35.07525
0.04612  35.07525
0.04614  35.07525
0.04616  35.07525
0.04618  35.07525
0.0462  35.07525
0.04622  35.07525
0.04624  35.07525
0.04626  35.07525
0.04628  35.07525
0.0463  35.07525
0.04632  35.07525
0.04634  35.07525
0.04636  35.07525
0.04638  35.07525
0.0464  35.07525
0.04642  35.07525
0.04644  35.07525
0.04646  35.07525
0.04648  35.07525
0.0465  35.07525
0.04652  35.07525
0.04654  35.07525
0.04656  35.07525
0.04658  35.07525
0.0466  35.07525
0.04662  35.07525
0.04664  35.07525
0.04666  35.07525
0.04668  35.07525
0.0467  35.07525
0.04672  35.07525
0.04674  35.07525
0.04676  35.07525
0.04678  35.07525
0.0468  35.07525
0.04682  35.07525
0.04684  35.07525
0.04686  35.07525
0.04688  35.07525
0.0469  35.07525
0.04692  35.07525
0.04694  35.07525
0.04696  35.07525
0.04698  35.07525
0.047  35.07525
0.04702  35.07525
0.04704  35.07525
0.04706  35.07525
0.04708  35.07525
0.0471  35.07525
0.04712  35.07525
0.04714  35.07525
0.04716  35.07525
0.04718  35.07525
0.0472  35.07525
0.04722  35.07525
0.04724  35.07525
0.04726  35.07525
0.04728  35.07525
0.0473  35.07525
0.04732  35.07525
0.04734  35.07525
0.04736  35.07525
0.04738  35.07525
0.0474  35.07525
0.04742  35.07525
0.04744  35.07525
0.04746  35.07525
0.04748  35.07525
0.0475  35.07525
0.04752  35.07525
0.04754  35.07525
0.04756  35.07525
0.04758  35.07525
0.0476  35.07525
0.04762  35.07525
0.04764  35.07525
0.04766  35.07525
0.04768  35.07525
0.0477  35.07525
0.04772  35.07525
0.04774  35.07525
0.04776  35.07525
0.04778  35.07525
0.0478  35.07525
0.04782  35.07525
0.04784  35.07525
0.04786  35.07525
0.04788  35.07525
0.0479  35.07525
0.04792  35.07525
0.04794  35.07525
0.04796  35.07525
0.04798  35.07525
0.048  35.07525
0.04802  35.07525
0.04804  35.07525
0.04806  35.07525
0.04808  35.07525
0.0481  35.07525
0.04812  35.07525
0.04814  35.07525
0.04816  35.07525
0.04818  35.07525
0.0482  35.07525
0.04822  35.07525
0.04824  35.07525
0.04826  35.07525
0.04828  35.07525
0.0483  35.07525
0.04832  35.07525
0.04834  35.07525
0.04836  35.07525
0.04838  35.07525
0.0484  35.07525
0.04842  35.07525
0.04844  35.07525
0.04846  35.07525
0.04848  35.07525
0.0485  35.07525
0.04852  35.07525
0.04854  35.07525
0.04856  35.07525
0.04858  35.07525
0.0486  35.07525
0.04862  35.07525
0.04864  35.07525
0.04866  35.07525
0.04868  35.07525
0.0487  35.07525
0.04872  35.07525
0.04874  35.07525
0.04876  35.07525
0.04878  35.07525
0.0488  35.07525
0.04882  35.07525
0.04884  35.07525
0.04886  35.07525
0.04888  35.07525
0.0489  35.07525
0.04892  35.07525
0.04894  35.07525
0.04896  35.07525
0.04898  35.07525
0.049  35.07525
0.04902  35.07525
0.04904  35.07525
0.04906  35.07525
0.04908  35.07525
0.0491  35.07525
0.04912  35.07525
0.04914  35.07525
0.04916  35.07525
0.04918  35.07525
0.0492  35.07525
0.04922  35.07525
0.04924  35.07525
0.04926  35.07525
0.04928  35.07525
0.0493  35.07525
0.04932  35.07525
0.04934  35.07525
0.04936  35.07525
0.04938  35.07525
0.0494  35.07525
0.04942  35.07525
0.04944  35.07525
0.04946  35.07525
0.04948  35.07525
0.0495  35.07525
0.04952  35.07525
0.04954  35.07525
0.04956  35.07525
0.04958  35.07525
0.0496  35.07525
0.04962  35.07525
0.04964  35.07525
0.04966  35.07525
0.04968  35.07525
0.0497  35.07525
0.04972  35.07525
0.04974  35.07525
0.04976  35.07525
0.04978  35.07525
0.0498  35.07525
0.04982  35.07525
0.04984  35.07525
0.04986  35.07525
0.04988  35.07525
0.0499  35.07525
0.04992  35.07525
0.04994  35.07525
0.04996  35.07525
0.04998  35.07525
0.05  35.07525
0.05002  35.07525
0.05004  35.07525
0.05006  35.07525
0.05008  35.07525
0.0501  35.07525
0.05012  35.07525
0.05014  35.07525
0.05016  35.07525
0.05018  35.07525
0.0502  35.07525
0.05022  35.07525
0.05024  35.07525
0.05026  35.07525
0.05028  35.07525
0.0503  35.07525
0.05032  35.07525
0.05034  35.07525
0.05036  35.07525
0.05038  35.07525
0.0504  35.07525
0.05042  35.07525
0.05044  35.07525
0.05046  35.07525
0.05048  35.07525
0.0505  35.07525
0.05052  35.07525
0.05054  35.07525
0.05056  35.07525
0.05058  35.07525
0.0506  35.07525
0.05062  35.07525
0.05064  35.07525
0.05066  35.07525
0.05068  35.07525
0.0507  35.07525
0.05072  35.07525
0.05074  35.07525
0.05076  35.07525
0.05078  35.07525
0.0508  35.07525
0.05082  35.07525
0.05084  35.07525
0.05086  35.07525
0.05088  35.07525
0.0509  35.07525
0.05092  35.07525
0.05094  35.07525
0.05096  35.07525
0.05098  35.07525
0.051  35.07525
0.05102  35.07525
0.05104  35.07525
0.05106  35.07525
0.05108  35.07525
0.0511  35.07525
0.05112  35.07525
0.05114  35.07525
0.05116  35.07525
0.05118  35.07525
0.0512  35.07525
0.05122  35.07525
0.05124  35.07525
0.05126  35.07525
0.05128  35.07525
0.0513  35.07525
0.05132  35.07525
0.05134  35.07525
0.05136  35.07525
0.05138  35.07525
0.0514  35.07525
0.05142  35.07525
0.05144  35.07525
0.05146  35.07525
0.05148  35.07525
0.0515  35.07525
0.05152  35.07525
0.05154  35.07525
0.05156  35.07525
0.05158  35.07525
0.0516  35.07525
0.05162  35.07525
0.05164  35.07525
0.05166  35.07525
0.05168  35.07525
0.0517  35.07525
0.05172  35.07525
0.05174  35.07525
0.05176  35.07525
0.05178  35.07525
0.0518  35.07525
0.05182  35.07525
0.05184  35.07525
0.05186  35.07525
0.05188  35.07525
0.0519  35.07525
0.05192  35.07525
0.05194  35.07525
0.05196  35.07525
0.05198  35.07525
0.052  35.07525
0.05202  35.07525
0.05204  35.07525
0.05206  35.07525
0.05208  35.07525
0.0521  35.07525
0.05212  35.07525
0.05214  35.07525
0.05216  35.07525
0.05218  35.07525
0.0522  35.07525
0.05222  35.07525
0.05224  35.07525
0.05226  35.07525
0.05228  35.07525
0.0523  35.07525
0.05232  35.07525
0.05234  35.07525
0.05236  35.07525
0.05238  35.07525
0.0524  35.07525
0.05242  35.07525
0.05244  35.07525
0.05246  35.07525
0.05248  35.07525
0.0525  35.07525
0.05252  35.07525
0.05254  35.07525
0.05256  35.07525
0.05258  35.07525
0.0526  35.07525
0.05262  35.07525
0.05264  35.07525
0.05266  35.07525
0.05268  35.07525
0.0527  35.07525
0.05272  35.07525
0.05274  35.07525
0.05276  35.07525
0.05278  35.07525
0.0528  35.07525
0.05282  35.07525
0.05284  35.07525
0.05286  35.07525
0.05288  35.07525
0.0529  35.07525
0.05292  35.07525
0.05294  35.07525
0.05296  35.07525
0.05298  35.07525
0.053  35.07525
0.05302  35.07525
0.05304  35.07525
0.05306  35.07525
0.05308  35.07525
0.0531  35.07525
0.05312  35.07525
0.05314  35.07525
0.05316  35.07525
0.05318  35.07525
0.0532  35.07525
0.05322  35.07525
0.05324  35.07525
0.05326  35.07525
0.05328  35.07525
0.0533  35.07525
0.05332  35.07525
0.05334  35.07525
0.05336  35.07525
0.05338  35.07525
0.0534  35.07525
0.05342  35.07525
0.05344  35.07525
0.05346  35.07525
0.05348  35.07525
0.0535  35.07525
0.05352  35.07525
0.05354  35.07525
0.05356  35.07525
0.05358  35.07525
0.0536  35.07525
0.05362  35.07525
0.05364  35.07525
0.05366  35.07525
0.05368  35.07525
0.0537  35.07525
0.05372  35.07525
0.05374  35.07525
0.05376  35.07525
0.05378  35.07525
0.0538  35.07525
0.05382  35.07525
0.05384  35.07525
0.05386  35.07525
0.05388  35.07525
0.0539  35.07525
0.05392  35.07525
0.05394  35.07525
0.05396  35.07525
0.05398  35.07525
0.054  35.07525
0.05402  35.07525
0.05404  35.07525
0.05406  35.07525
0.05408  35.07525
0.0541  35.07525
0.05412  35.07525
0.05414  35.07525
0.05416  35.07525
0.05418  35.07525
0.0542  35.07525
0.05422  35.07525
0.05424  35.07525
0.05426  35.07525
0.05428  35.07525
0.0543  35.07525
0.05432  35.07525
0.05434  35.07525
0.05436  35.07525
0.05438  35.07525
0.0544  35.07525
0.05442  35.07525
0.05444  35.07525
0.05446  35.07525
0.05448  35.07525
0.0545  35.07525
0.05452  35.07525
0.05454  35.07525
0.05456  35.07525
0.05458  35.07525
0.0546  35.07525
0.05462  35.07525
0.05464  35.07525
0.05466  35.07525
0.05468  35.07525
0.0547  35.07525
0.05472  35.07525
0.05474  35.07525
0.05476  35.07525
0.05478  35.07525
0.0548  35.07525
0.05482  35.07525
0.05484  35.07525
0.05486  35.07525
0.05488  35.07525
0.0549  35.07525
0.05492  35.07525
0.05494  35.07525
0.05496  35.07525
0.05498  35.07525
0.055  35.07525
0.05502  35.07525
0.05504  35.07525
0.05506  35.07525
0.05508  35.07525
0.0551  35.07525
0.05512  35.07525
0.05514  35.07525
0.05516  35.07525
0.05518  35.07525
0.0552  35.07525
0.05522  35.07525
0.05524  35.07525
0.05526  35.07525
0.05528  35.07525
0.0553  35.07525
0.05532  35.07525
0.05534  35.07525
0.05536  35.07525
0.05538  35.07525
0.0554  35.07525
0.05542  35.07525
0.05544  35.07525
0.05546  35.07525
0.05548  35.07525
0.0555  35.07525
0.05552  35.07525
0.05554  35.07525
0.05556  35.07525
0.05558  35.07525
0.0556  35.07525
0.05562  35.07525
0.05564  35.07525
0.05566  35.07525
0.05568  35.07525
0.0557  35.07525
0.05572  35.07525
0.05574  35.07525
0.05576  35.07525
0.05578  35.07525
0.0558  35.07525
0.05582  35.07525
0.05584  35.07525
0.05586  35.07525
0.05588  35.07525
0.0559  35.07525
0.05592  35.07525
0.05594  35.07525
0.05596  35.07525
0.05598  35.07525
0.056  35.07525
0.05602  35.07525
0.05604  35.07525
0.05606  35.07525
0.05608  35.07525
0.0561  35.07525
0.05612  35.07525
0.05614  35.07525
0.05616  35.07525
0.05618  35.07525
0.0562  35.07525
0.05622  35.07525
0.05624  35.07525
0.05626  35.07525
0.05628  35.07525
0.0563  35.07525
0.05632  35.07525
0.05634  35.07525
0.05636  35.07525
0.05638  35.07525
0.0564  35.07525
0.05642  35.07525
0.05644  35.07525
0.05646  35.07525
0.05648  35.07525
0.0565  35.07525
0.05652  35.07525
0.05654  35.07525
0.05656  35.07525
0.05658  35.07525
0.0566  35.07525
0.05662  35.07525
0.05664  35.07525
0.05666  35.07525
0.05668  35.07525
0.0567  35.07525
0.05672  35.07525
0.05674  35.07525
0.05676  35.07525
0.05678  35.07525
0.0568  35.07525
0.05682  35.07525
0.05684  35.07525
0.05686  35.07525
0.05688  35.07525
0.0569  35.07525
0.05692  35.07525
0.05694  35.07525
0.05696  35.07525
0.05698  35.07525
0.057  35.07525
0.05702  35.07525
0.05704  35.07525
0.05706  35.07525
0.05708  35.07525
0.0571  35.07525
0.05712  35.07525
0.05714  35.07525
0.05716  35.07525
0.05718  35.07525
0.0572  35.07525
0.05722  35.07525
0.05724  35.07525
0.05726  35.07525
0.05728  35.07525
0.0573  35.07525
0.05732  35.07525
0.05734  35.07525
0.05736  35.07525
0.05738  35.07525
0.0574  35.07525
0.05742  35.07525
0.05744  35.07525
0.05746  35.07525
0.05748  35.07525
0.0575  35.07525
0.05752  35.07525
0.05754  35.07525
0.05756  35.07525
0.05758  35.07525
0.0576  35.07525
0.05762  35.07525
0.05764  35.07525
0.05766  35.07525
0.05768  35.07525
0.0577  35.07525
0.05772  35.07525
0.05774  35.07525
0.05776  35.07525
0.05778  35.07525
0.0578  35.07525
0.05782  35.07525
0.05784  35.07525
0.05786  35.07525
0.05788  35.07525
0.0579  35.07525
0.05792  35.07525
0.05794  35.07525
0.05796  35.07525
0.05798  35.07525
0.058  35.07525
0.05802  35.07525
0.05804  35.07525
0.05806  35.07525
0.05808  35.07525
0.0581  35.07525
0.05812  35.07525
0.05814  35.07525
0.05816  35.07525
0.05818  35.07525
0.0582  35.07525
0.05822  35.07525
0.05824  35.07525
0.05826  35.07525
0.05828  35.07525
0.0583  35.07525
0.05832  35.07525
0.05834  35.07525
0.05836  35.07525
0.05838  35.07525
0.0584  35.07525
0.05842  35.07525
0.05844  35.07525
0.05846  35.07525
0.05848  35.07525
0.0585  35.07525
0.05852  35.07525
0.05854  35.07525
0.05856  35.07525
0.05858  35.07525
0.0586  35.07525
0.05862  35.07525
0.05864  35.07525
0.05866  35.07525
0.05868  35.07525
0.0587  35.07525
0.05872  35.07525
0.05874  35.07525
0.05876  35.07525
0.05878  35.07525
0.0588  35.07525
0.05882  35.07525
0.05884  35.07525
0.05886  35.07525
0.05888  35.07525
0.0589  35.07525
0.05892  35.07525
0.05894  35.07525
0.05896  35.07525
0.05898  35.07525
0.059  35.07525
0.05902  35.07525
0.05904  35.07525
0.05906  35.07525
0.05908  35.07525
0.0591  35.07525
0.05912  35.07525
0.05914  35.07525
0.05916  35.07525
0.05918  35.07525
0.0592  35.07525
0.05922  35.07525
0.05924  35.07525
0.05926  35.07525
0.05928  35.07525
0.0593  35.07525
0.05932  35.07525
0.05934  35.07525
0.05936  35.07525
0.05938  35.07525
0.0594  35.07525
0.05942  35.07525
0.05944  35.07525
0.05946  35.07525
0.05948  35.07525
0.0595  35.07525
0.05952  35.07525
0.05954  35.07525
0.05956  35.07525
0.05958  35.07525
0.0596  35.07525
0.05962  35.07525
0.05964  35.07525
0.05966  35.07525
0.05968  35.07525
0.0597  35.07525
0.05972  35.07525
0.05974  35.07525
0.05976  35.07525
0.05978  35.07525
0.0598  35.07525
0.05982  35.07525
0.05984  35.07525
0.05986  35.07525
0.05988  35.07525
0.0599  35.07525
0.05992  35.07525
0.05994  35.07525
0.05996  35.07525
0.05998  35.07525
0.06  35.075250
0.06002  35.075250
0.06004  35.075250
0.06006  35.075250
0.06008  35.075250
0.0601  35.075250
0.06012  35.075250
0.06014  35.075250
0.06016  35.075250
0.06018  35.075250
0.0602  35.075250
0.06022  35.075250
0.06024  35.075250
0.06026  43.190140
0.06028  58.143820
0.0603  78.274700
0.06032  105.375900
0.06034  153.366500
0.06036  245.064400
0.06038  428.479100
0.0604  806.967000
0.06042  1588.174000
0.06044  3130.372000
0.06046  5875.037000
0.06048  9941.750000
0.0605  14398.580000
0.06052  17128.510000
0.06054  16374.050000
0.06056  12642.350000
0.06058  8145.620000
0.0606  4628.302000
0.06062  2481.010000
0.06064  1338.981000
0.06066  764.911000
0.06068  476.331100
0.0607  326.337200
0.06072  243.217100
0.06074  209.066900
0.06076  180.552400
0.06078  156.655100
0.0608  136.556700
0.06082  119.593600
0.06084  105.226800
0.06086  93.018800
0.06088  82.611900
0.0609  73.711400
0.06092  66.078040
0.06094  59.511900
0.06096  53.848760
0.06098  48.952260
0.061  44.709070
0.06102  41.024550
0.06104  37.819670
0.06106  35.028140
0.06108  35.075250
0.0611  35.075250
0.06112  35.075250
0.06114  35.075250
0.06116  35.075250
0.06118  35.075250
0.0612  35.075250
0.06122  35.075250
0.06124  35.075250
0.06126  35.075250
0.06128  35.075250
0.0613  35.075250
0.06132  35.075250
0.06134  35.075250
0.06136  35.075250
0.06138  35.075250
0.0614  35.075250
0.06142  35.075250
0.06144  35.075250
0.06146  35.075250
0.06148  35.075250
0.0615  35.075250
0.06152  35.075250
0.06154  35.075250
0.06156  35.075250
0.06158  35.075250
0.0616  35.075250
0.06162  35.075250
0.06164  35.075250
0.06166  35.075250
0.06168  35.075250
0.0617  35.075250
0.06172  35.075250
0.06174  35.075250
0.06176  35.075250
0.06178  35.075250
0.0618  35.075250
0.06182  35.075250
0.06184  35.075250
0.06186  35.075250
0.06188  35.075250
0.0619  35.075250
0.06192  35.075250
0.06194  35.075250
0.06196  35.075250
0.06198  35.075250
0.062  35.075250
0.06202  35.075250
0.06204  35.075250
0.06206  35.075250
0.06208  35.075250
0.0621  35.075250
0.06212  35.075250
0.06214  35.075250
0.06216  35.075250
0.06218  35.075250
0.0622  35.075250
0.06222  35.075250
0.06224  35.075250
0.06226  35.075250
0.06228  35.075250
0.0623  35.075250
0.06232  35.075250
0.06234  35.075250
0.06236  35.075250
0.06238  35.075250
0.0624  35.075250
0.06242  35.075250
0.06244  35.075250
0.06246  35.075250
0.06248  35.075250
0.0625  35.075250
0.06252  35.075250
0.06254  35.075250
0.06256  35.075250
0.06258  35.075250
0.0626  35.075250
0.06262  35.075250
0.06264  35.075250
0.06266  35.075250
0.06268  35.075250
0.0627  35.075250
0.06272  35.075250
0.06274  35.075250
0.06276  35.075250
0.06278  35.075250
0.0628  35.075250
0.06282  35.075250
0.06284  35.075250
0.06286  35.075250
0.06288  35.075250
0.0629  35.075250
0.06292  35.075250
0.06294  35.075250
0.06296  35.075250
0.06298  35.075250
0.063  35.075250
