0.00000000 35.075250
0.00002000 35.075250
0.00004000 35.075250
0.00006000 35.075250
0.00008000 35.075250
0.00010000 35.075250
0.00012000 35.075250
0.00014000 35.075250
0.00016000 35.075250
0.00018000 35.075250
0.00020000 35.075250
0.00022000 35.075250
0.00024000 35.075250
0.00026000 43.190140
0.00028000 58.143820
0.00030000 78.274700
0.00032000 105.375900
0.00034000 153.366500
0.00036000 245.064400
0.00038000 428.479100
0.00040000 806.967000
0.00042000 1588.174000
0.00044000 3130.372000
0.00046000 5875.037000
0.00048000 9941.750000
0.00050000 14398.580000
0.00052000 17128.510000
0.00054000 16374.050000
0.00056000 12642.350000
0.00058000 8145.620000
0.00060000 4628.302000
0.00062000 2481.010000
0.00064000 1338.981000
0.00066000 764.911000
0.00068000 476.331100
0.00070000 326.337200
0.00072000 243.217100
0.00074000 209.066900
0.00076000 180.552400
0.00078000 156.655100
0.00080000 136.556700
0.00082000 119.593600
0.00084000 105.226800
0.00086000 93.018800
0.00088000 82.611900
0.00090000 73.711400
0.00092000 66.078040
0.00094000 59.511900
0.00096000 53.848760
0.00098000 48.952260
0.00100000 44.709070
0.00102000 41.024550
0.00104000 37.819670
0.00106000 35.028140
0.00108000 35.075250
0.00110000 35.075250
0.00112000 35.075250
0.00114000 35.075250
0.00116000 35.075250
0.00118000 35.075250
0.00120000 35.075250
0.00122000 35.075250
0.00124000 35.075250
0.00126000 35.075250
0.00128000 35.075250
0.00130000 35.075250
0.00132000 35.075250
0.00134000 35.075250
0.00136000 35.075250
0.00138000 35.075250
0.00140000 35.075250
0.00142000 35.075250
0.00144000 35.075250
0.00146000 35.075250
0.00148000 35.075250
0.00150000 35.075250
0.00152000 35.075250
0.00154000 35.075250
0.00156000 35.075250
0.00158000 35.075250
0.00160000 35.075250
0.00162000 35.075250
0.00164000 35.075250
0.00166000 35.075250
0.00168000 35.075250
0.00170000 35.075250
0.00172000 35.075250
0.00174000 35.075250
0.00176000 35.075250
0.00178000 35.075250
0.00180000 35.075250
0.00182000 35.075250
0.00184000 35.075250
0.00186000 35.075250
0.00188000 35.075250
0.00190000 35.075250
0.00192000 35.075250
0.00194000 35.075250
0.00196000 35.075250
0.00198000 35.075250
0.00200000 35.075250
0.00202000 35.075250
0.00204000 35.075250
0.00206000 35.075250
0.00208000 35.075250
0.00210000 35.075250
0.00212000 35.075250
0.00214000 35.075250
0.00216000 35.075250
0.00218000 35.075250
0.00220000 35.075250
0.00222000 35.075250
0.00224000 35.075250
0.00226000 35.075250
0.00228000 35.075250
0.00230000 35.075250
0.00232000 35.075250
0.00234000 35.075250
0.00236000 35.075250
0.00238000 35.075250
0.00240000 35.075250
0.00242000 35.075250
0.00244000 35.075250
0.00246000 35.075250
0.00248000 35.075250
0.00250000 35.075250
0.00252000 35.075250
0.00254000 35.075250
0.00256000 35.075250
0.00258000 35.075250
0.00260000 35.075250
0.00262000 35.075250
0.00264000 35.075250
0.00266000 35.075250
0.00268000 35.075250
0.00270000 35.075250
0.00272000 35.075250
0.00274000 35.075250
0.00276000 35.075250
0.00278000 35.075250
0.00280000 35.075250
0.00282000 35.075250
0.00284000 35.075250
0.00286000 35.075250
0.00288000 35.075250
0.00290000 35.075250
0.00292000 35.075250
0.00294000 35.075250
0.00296000 35.075250
0.00298000 35.075250
0.00300000 35.075250
