0.00000000 30.064500
0.00002000 30.064500
0.00004000 30.064500
0.00006000 30.064500
0.00008000 30.064500
0.00010000 30.064500
0.00012000 30.064500
0.00014000 30.064500
0.00016000 30.064500
0.00018000 30.064500
0.00020000 30.064500
0.00022000 30.064500
0.00024000 30.064500
0.00026000 37.020120
0.00028000 49.837560
0.00030000 67.092600
0.00032000 90.322200
0.00034000 131.457000
0.00036000 210.055200
0.00038000 367.267800
0.00040000 691.686000
0.00042000 1361.292000
0.00044000 2683.176000
0.00046000 5035.746000
0.00048000 8521.500000
0.00050000 12341.640000
0.00052000 14681.580000
0.00054000 14034.900000
0.00056000 10836.300000
0.00058000 6981.960000
0.00060000 3967.116000
0.00062000 2126.580000
0.00064000 1147.698000
0.00066000 655.638000
0.00068000 408.283800
0.00070000 279.717600
0.00072000 208.471800
0.00074000 179.200200
0.00076000 154.759200
0.00078000 134.275800
0.00080000 117.048600
0.00082000 102.508800
0.00084000 90.194400
0.00086000 79.730400
0.00088000 70.810200
0.00090000 63.181200
0.00092000 56.638320
0.00094000 51.010200
0.00096000 46.156080
0.00098000 41.959080
0.00100000 38.322060
0.00102000 35.163900
0.00104000 32.416860
0.00106000 30.024120
0.00108000 30.064500
0.00110000 30.064500
0.00112000 30.064500
0.00114000 30.064500
0.00116000 30.064500
0.00118000 30.064500
0.00120000 30.064500
0.00122000 30.064500
0.00124000 30.064500
0.00126000 30.064500
0.00128000 30.064500
0.00130000 30.064500
0.00132000 30.064500
0.00134000 30.064500
0.00136000 30.064500
0.00138000 30.064500
0.00140000 30.064500
0.00142000 30.064500
0.00144000 30.064500
0.00146000 30.064500
0.00148000 30.064500
0.00150000 30.064500
0.00152000 30.064500
0.00154000 30.064500
0.00156000 30.064500
0.00158000 30.064500
0.00160000 30.064500
0.00162000 30.064500
0.00164000 30.064500
0.00166000 30.064500
0.00168000 30.064500
0.00170000 30.064500
0.00172000 30.064500
0.00174000 30.064500
0.00176000 30.064500
0.00178000 30.064500
0.00180000 30.064500
0.00182000 30.064500
0.00184000 30.064500
0.00186000 30.064500
0.00188000 30.064500
0.00190000 30.064500
0.00192000 30.064500
0.00194000 30.064500
0.00196000 30.064500
0.00198000 30.064500
0.00200000 30.064500
0.00202000 30.064500
0.00204000 30.064500
0.00206000 30.064500
0.00208000 30.064500
0.00210000 30.064500
0.00212000 30.064500
0.00214000 30.064500
0.00216000 30.064500
0.00218000 30.064500
0.00220000 30.064500
0.00222000 30.064500
0.00224000 30.064500
0.00226000 30.064500
0.00228000 30.064500
0.00230000 30.064500
0.00232000 30.064500
0.00234000 30.064500
0.00236000 30.064500
0.00238000 30.064500
0.00240000 30.064500
0.00242000 30.064500
0.00244000 30.064500
0.00246000 30.064500
0.00248000 30.064500
0.00250000 30.064500
0.00252000 30.064500
0.00254000 30.064500
0.00256000 30.064500
0.00258000 30.064500
0.00260000 30.064500
0.00262000 30.064500
0.00264000 30.064500
0.00266000 30.064500
0.00268000 30.064500
0.00270000 30.064500
0.00272000 30.064500
0.00274000 30.064500
0.00276000 30.064500
0.00278000 30.064500
0.00280000 30.064500
0.00282000 30.064500
0.00284000 30.064500
0.00286000 30.064500
0.00288000 30.064500
0.00290000 30.064500
0.00292000 30.064500
0.00294000 30.064500
0.00296000 30.064500
0.00298000 30.064500
0.00300000 30.064500
0.00302  30.0645
0.00304  30.0645
0.00306  30.0645
0.00308  30.0645
0.0031  30.0645
0.00312  30.0645
0.00314  30.0645
0.00316  30.0645
0.00318  30.0645
0.0032  30.0645
0.00322  30.0645
0.00324  30.0645
0.00326  30.0645
0.00328  30.0645
0.0033  30.0645
0.00332  30.0645
0.00334  30.0645
0.00336  30.0645
0.00338  30.0645
0.0034  30.0645
0.00342  30.0645
0.00344  30.0645
0.00346  30.0645
0.00348  30.0645
0.0035  30.0645
0.00352  30.0645
0.00354  30.0645
0.00356  30.0645
0.00358  30.0645
0.0036  30.0645
0.00362  30.0645
0.00364  30.0645
0.00366  30.0645
0.00368  30.0645
0.0037  30.0645
0.00372  30.0645
0.00374  30.0645
0.00376  30.0645
0.00378  30.0645
0.0038  30.0645
0.00382  30.0645
0.00384  30.0645
0.00386  30.0645
0.00388  30.0645
0.0039  30.0645
0.00392  30.0645
0.00394  30.0645
0.00396  30.0645
0.00398  30.0645
0.004  30.0645
0.00402  30.0645
0.00404  30.0645
0.00406  30.0645
0.00408  30.0645
0.0041  30.0645
0.00412  30.0645
0.00414  30.0645
0.00416  30.0645
0.00418  30.0645
0.0042  30.0645
0.00422  30.0645
0.00424  30.0645
0.00426  30.0645
0.00428  30.0645
0.0043  30.0645
0.00432  30.0645
0.00434  30.0645
0.00436  30.0645
0.00438  30.0645
0.0044  30.0645
0.00442  30.0645
0.00444  30.0645
0.00446  30.0645
0.00448  30.0645
0.0045  30.0645
0.00452  30.0645
0.00454  30.0645
0.00456  30.0645
0.00458  30.0645
0.0046  30.0645
0.00462  30.0645
0.00464  30.0645
0.00466  30.0645
0.00468  30.0645
0.0047  30.0645
0.00472  30.0645
0.00474  30.0645
0.00476  30.0645
0.00478  30.0645
0.0048  30.0645
0.00482  30.0645
0.00484  30.0645
0.00486  30.0645
0.00488  30.0645
0.0049  30.0645
0.00492  30.0645
0.00494  30.0645
0.00496  30.0645
0.00498  30.0645
0.005  30.0645
0.00502  30.0645
0.00504  30.0645
0.00506  30.0645
0.00508  30.0645
0.0051  30.0645
0.00512  30.0645
0.00514  30.0645
0.00516  30.0645
0.00518  30.0645
0.0052  30.0645
0.00522  30.0645
0.00524  30.0645
0.00526  30.0645
0.00528  30.0645
0.0053  30.0645
0.00532  30.0645
0.00534  30.0645
0.00536  30.0645
0.00538  30.0645
0.0054  30.0645
0.00542  30.0645
0.00544  30.0645
0.00546  30.0645
0.00548  30.0645
0.0055  30.0645
0.00552  30.0645
0.00554  30.0645
0.00556  30.0645
0.00558  30.0645
0.0056  30.0645
0.00562  30.0645
0.00564  30.0645
0.00566  30.0645
0.00568  30.0645
0.0057  30.0645
0.00572  30.0645
0.00574  30.0645
0.00576  30.0645
0.00578  30.0645
0.0058  30.0645
0.00582  30.0645
0.00584  30.0645
0.00586  30.0645
0.00588  30.0645
0.0059  30.0645
0.00592  30.0645
0.00594  30.0645
0.00596  30.0645
0.00598  30.0645
0.006  30.0645
0.00602  30.0645
0.00604  30.0645
0.00606  30.0645
0.00608  30.0645
0.0061  30.0645
0.00612  30.0645
0.00614  30.0645
0.00616  30.0645
0.00618  30.0645
0.0062  30.0645
0.00622  30.0645
0.00624  30.0645
0.00626  30.0645
0.00628  30.0645
0.0063  30.0645
0.00632  30.0645
0.00634  30.0645
0.00636  30.0645
0.00638  30.0645
0.0064  30.0645
0.00642  30.0645
0.00644  30.0645
0.00646  30.0645
0.00648  30.0645
0.0065  30.0645
0.00652  30.0645
0.00654  30.0645
0.00656  30.0645
0.00658  30.0645
0.0066  30.0645
0.00662  30.0645
0.00664  30.0645
0.00666  30.0645
0.00668  30.0645
0.0067  30.0645
0.00672  30.0645
0.00674  30.0645
0.00676  30.0645
0.00678  30.0645
0.0068  30.0645
0.00682  30.0645
0.00684  30.0645
0.00686  30.0645
0.00688  30.0645
0.0069  30.0645
0.00692  30.0645
0.00694  30.0645
0.00696  30.0645
0.00698  30.0645
0.007  30.0645
0.00702  30.0645
0.00704  30.0645
0.00706  30.0645
0.00708  30.0645
0.0071  30.0645
0.00712  30.0645
0.00714  30.0645
0.00716  30.0645
0.00718  30.0645
0.0072  30.0645
0.00722  30.0645
0.00724  30.0645
0.00726  30.0645
0.00728  30.0645
0.0073  30.0645
0.00732  30.0645
0.00734  30.0645
0.00736  30.0645
0.00738  30.0645
0.0074  30.0645
0.00742  30.0645
0.00744  30.0645
0.00746  30.0645
0.00748  30.0645
0.0075  30.0645
0.00752  30.0645
0.00754  30.0645
0.00756  30.0645
0.00758  30.0645
0.0076  30.0645
0.00762  30.0645
0.00764  30.0645
0.00766  30.0645
0.00768  30.0645
0.0077  30.0645
0.00772  30.0645
0.00774  30.0645
0.00776  30.0645
0.00778  30.0645
0.0078  30.0645
0.00782  30.0645
0.00784  30.0645
0.00786  30.0645
0.00788  30.0645
0.0079  30.0645
0.00792  30.0645
0.00794  30.0645
0.00796  30.0645
0.00798  30.0645
0.008  30.0645
0.00802  30.0645
0.00804  30.0645
0.00806  30.0645
0.00808  30.0645
0.0081  30.0645
0.00812  30.0645
0.00814  30.0645
0.00816  30.0645
0.00818  30.0645
0.0082  30.0645
0.00822  30.0645
0.00824  30.0645
0.00826  30.0645
0.00828  30.0645
0.0083  30.0645
0.00832  30.0645
0.00834  30.0645
0.00836  30.0645
0.00838  30.0645
0.0084  30.0645
0.00842  30.0645
0.00844  30.0645
0.00846  30.0645
0.00848  30.0645
0.0085  30.0645
0.00852  30.0645
0.00854  30.0645
0.00856  30.0645
0.00858  30.0645
0.0086  30.0645
0.00862  30.0645
0.00864  30.0645
0.00866  30.0645
0.00868  30.0645
0.0087  30.0645
0.00872  30.0645
0.00874  30.0645
0.00876  30.0645
0.00878  30.0645
0.0088  30.0645
0.00882  30.0645
0.00884  30.0645
0.00886  30.0645
0.00888  30.0645
0.0089  30.0645
0.00892  30.0645
0.00894  30.0645
0.00896  30.0645
0.00898  30.0645
0.009  30.0645
0.00902  30.0645
0.00904  30.0645
0.00906  30.0645
0.00908  30.0645
0.0091  30.0645
0.00912  30.0645
0.00914  30.0645
0.00916  30.0645
0.00918  30.0645
0.0092  30.0645
0.00922  30.0645
0.00924  30.0645
0.00926  30.0645
0.00928  30.0645
0.0093  30.0645
0.00932  30.0645
0.00934  30.0645
0.00936  30.0645
0.00938  30.0645
0.0094  30.0645
0.00942  30.0645
0.00944  30.0645
0.00946  30.0645
0.00948  30.0645
0.0095  30.0645
0.00952  30.0645
0.00954  30.0645
0.00956  30.0645
0.00958  30.0645
0.0096  30.0645
0.00962  30.0645
0.00964  30.0645
0.00966  30.0645
0.00968  30.0645
0.0097  30.0645
0.00972  30.0645
0.00974  30.0645
0.00976  30.0645
0.00978  30.0645
0.0098  30.0645
0.00982  30.0645
0.00984  30.0645
0.00986  30.0645
0.00988  30.0645
0.0099  30.0645
0.00992  30.0645
0.00994  30.0645
0.00996  30.0645
0.00998  30.0645
0.01  30.0645
0.01002  30.0645
0.01004  30.0645
0.01006  30.0645
0.01008  30.0645
0.0101  30.0645
0.01012  30.0645
0.01014  30.0645
0.01016  30.0645
0.01018  30.0645
0.0102  30.0645
0.01022  30.0645
0.01024  30.0645
0.01026  30.0645
0.01028  30.0645
0.0103  30.0645
0.01032  30.0645
0.01034  30.0645
0.01036  30.0645
0.01038  30.0645
0.0104  30.0645
0.01042  30.0645
0.01044  30.0645
0.01046  30.0645
0.01048  30.0645
0.0105  30.0645
0.01052  30.0645
0.01054  30.0645
0.01056  30.0645
0.01058  30.0645
0.0106  30.0645
0.01062  30.0645
0.01064  30.0645
0.01066  30.0645
0.01068  30.0645
0.0107  30.0645
0.01072  30.0645
0.01074  30.0645
0.01076  30.0645
0.01078  30.0645
0.0108  30.0645
0.01082  30.0645
0.01084  30.0645
0.01086  30.0645
0.01088  30.0645
0.0109  30.0645
0.01092  30.0645
0.01094  30.0645
0.01096  30.0645
0.01098  30.0645
0.011  30.0645
0.01102  30.0645
0.01104  30.0645
0.01106  30.0645
0.01108  30.0645
0.0111  30.0645
0.01112  30.0645
0.01114  30.0645
0.01116  30.0645
0.01118  30.0645
0.0112  30.0645
0.01122  30.0645
0.01124  30.0645
0.01126  30.0645
0.01128  30.0645
0.0113  30.0645
0.01132  30.0645
0.01134  30.0645
0.01136  30.0645
0.01138  30.0645
0.0114  30.0645
0.01142  30.0645
0.01144  30.0645
0.01146  30.0645
0.01148  30.0645
0.0115  30.0645
0.01152  30.0645
0.01154  30.0645
0.01156  30.0645
0.01158  30.0645
0.0116  30.0645
0.01162  30.0645
0.01164  30.0645
0.01166  30.0645
0.01168  30.0645
0.0117  30.0645
0.01172  30.0645
0.01174  30.0645
0.01176  30.0645
0.01178  30.0645
0.0118  30.0645
0.01182  30.0645
0.01184  30.0645
0.01186  30.0645
0.01188  30.0645
0.0119  30.0645
0.01192  30.0645
0.01194  30.0645
0.01196  30.0645
0.01198  30.0645
0.012  30.0645
0.01202  30.0645
0.01204  30.0645
0.01206  30.0645
0.01208  30.0645
0.0121  30.0645
0.01212  30.0645
0.01214  30.0645
0.01216  30.0645
0.01218  30.0645
0.0122  30.0645
0.01222  30.0645
0.01224  30.0645
0.01226  30.0645
0.01228  30.0645
0.0123  30.0645
0.01232  30.0645
0.01234  30.0645
0.01236  30.0645
0.01238  30.0645
0.0124  30.0645
0.01242  30.0645
0.01244  30.0645
0.01246  30.0645
0.01248  30.0645
0.0125  30.0645
0.01252  30.0645
0.01254  30.0645
0.01256  30.0645
0.01258  30.0645
0.0126  30.0645
0.01262  30.0645
0.01264  30.0645
0.01266  30.0645
0.01268  30.0645
0.0127  30.0645
0.01272  30.0645
0.01274  30.0645
0.01276  30.0645
0.01278  30.0645
0.0128  30.0645
0.01282  30.0645
0.01284  30.0645
0.01286  30.0645
0.01288  30.0645
0.0129  30.0645
0.01292  30.0645
0.01294  30.0645
0.01296  30.0645
0.01298  30.0645
0.013  30.0645
0.01302  30.0645
0.01304  30.0645
0.01306  30.0645
0.01308  30.0645
0.0131  30.0645
0.01312  30.0645
0.01314  30.0645
0.01316  30.0645
0.01318  30.0645
0.0132  30.0645
0.01322  30.0645
0.01324  30.0645
0.01326  30.0645
0.01328  30.0645
0.0133  30.0645
0.01332  30.0645
0.01334  30.0645
0.01336  30.0645
0.01338  30.0645
0.0134  30.0645
0.01342  30.0645
0.01344  30.0645
0.01346  30.0645
0.01348  30.0645
0.0135  30.0645
0.01352  30.0645
0.01354  30.0645
0.01356  30.0645
0.01358  30.0645
0.0136  30.0645
0.01362  30.0645
0.01364  30.0645
0.01366  30.0645
0.01368  30.0645
0.0137  30.0645
0.01372  30.0645
0.01374  30.0645
0.01376  30.0645
0.01378  30.0645
0.0138  30.0645
0.01382  30.0645
0.01384  30.0645
0.01386  30.0645
0.01388  30.0645
0.0139  30.0645
0.01392  30.0645
0.01394  30.0645
0.01396  30.0645
0.01398  30.0645
0.014  30.0645
0.01402  30.0645
0.01404  30.0645
0.01406  30.0645
0.01408  30.0645
0.0141  30.0645
0.01412  30.0645
0.01414  30.0645
0.01416  30.0645
0.01418  30.0645
0.0142  30.0645
0.01422  30.0645
0.01424  30.0645
0.01426  30.0645
0.01428  30.0645
0.0143  30.0645
0.01432  30.0645
0.01434  30.0645
0.01436  30.0645
0.01438  30.0645
0.0144  30.0645
0.01442  30.0645
0.01444  30.0645
0.01446  30.0645
0.01448  30.0645
0.0145  30.0645
0.01452  30.0645
0.01454  30.0645
0.01456  30.0645
0.01458  30.0645
0.0146  30.0645
0.01462  30.0645
0.01464  30.0645
0.01466  30.0645
0.01468  30.0645
0.0147  30.0645
0.01472  30.0645
0.01474  30.0645
0.01476  30.0645
0.01478  30.0645
0.0148  30.0645
0.01482  30.0645
0.01484  30.0645
0.01486  30.0645
0.01488  30.0645
0.0149  30.0645
0.01492  30.0645
0.01494  30.0645
0.01496  30.0645
0.01498  30.0645
0.015  30.0645
0.01502  30.0645
0.01504  30.0645
0.01506  30.0645
0.01508  30.0645
0.0151  30.0645
0.01512  30.0645
0.01514  30.0645
0.01516  30.0645
0.01518  30.0645
0.0152  30.0645
0.01522  30.0645
0.01524  30.0645
0.01526  30.0645
0.01528  30.0645
0.0153  30.0645
0.01532  30.0645
0.01534  30.0645
0.01536  30.0645
0.01538  30.0645
0.0154  30.0645
0.01542  30.0645
0.01544  30.0645
0.01546  30.0645
0.01548  30.0645
0.0155  30.0645
0.01552  30.0645
0.01554  30.0645
0.01556  30.0645
0.01558  30.0645
0.0156  30.0645
0.01562  30.0645
0.01564  30.0645
0.01566  30.0645
0.01568  30.0645
0.0157  30.0645
0.01572  30.0645
0.01574  30.0645
0.01576  30.0645
0.01578  30.0645
0.0158  30.0645
0.01582  30.0645
0.01584  30.0645
0.01586  30.0645
0.01588  30.0645
0.0159  30.0645
0.01592  30.0645
0.01594  30.0645
0.01596  30.0645
0.01598  30.0645
0.016  30.0645
0.01602  30.0645
0.01604  30.0645
0.01606  30.0645
0.01608  30.0645
0.0161  30.0645
0.01612  30.0645
0.01614  30.0645
0.01616  30.0645
0.01618  30.0645
0.0162  30.0645
0.01622  30.0645
0.01624  30.0645
0.01626  30.0645
0.01628  30.0645
0.0163  30.0645
0.01632  30.0645
0.01634  30.0645
0.01636  30.0645
0.01638  30.0645
0.0164  30.0645
0.01642  30.0645
0.01644  30.0645
0.01646  30.0645
0.01648  30.0645
0.0165  30.0645
0.01652  30.0645
0.01654  30.0645
0.01656  30.0645
0.01658  30.0645
0.0166  30.0645
0.01662  30.0645
0.01664  30.0645
0.01666  30.0645
0.01668  30.0645
0.0167  30.0645
0.01672  30.0645
0.01674  30.0645
0.01676  30.0645
0.01678  30.0645
0.0168  30.0645
0.01682  30.0645
0.01684  30.0645
0.01686  30.0645
0.01688  30.0645
0.0169  30.0645
0.01692  30.0645
0.01694  30.0645
0.01696  30.0645
0.01698  30.0645
0.017  30.0645
0.01702  30.0645
0.01704  30.0645
0.01706  30.0645
0.01708  30.0645
0.0171  30.0645
0.01712  30.0645
0.01714  30.0645
0.01716  30.0645
0.01718  30.0645
0.0172  30.0645
0.01722  30.0645
0.01724  30.0645
0.01726  30.0645
0.01728  30.0645
0.0173  30.0645
0.01732  30.0645
0.01734  30.0645
0.01736  30.0645
0.01738  30.0645
0.0174  30.0645
0.01742  30.0645
0.01744  30.0645
0.01746  30.0645
0.01748  30.0645
0.0175  30.0645
0.01752  30.0645
0.01754  30.0645
0.01756  30.0645
0.01758  30.0645
0.0176  30.0645
0.01762  30.0645
0.01764  30.0645
0.01766  30.0645
0.01768  30.0645
0.0177  30.0645
0.01772  30.0645
0.01774  30.0645
0.01776  30.0645
0.01778  30.0645
0.0178  30.0645
0.01782  30.0645
0.01784  30.0645
0.01786  30.0645
0.01788  30.0645
0.0179  30.0645
0.01792  30.0645
0.01794  30.0645
0.01796  30.0645
0.01798  30.0645
0.018  30.0645
0.01802  30.0645
0.01804  30.0645
0.01806  30.0645
0.01808  30.0645
0.0181  30.0645
0.01812  30.0645
0.01814  30.0645
0.01816  30.0645
0.01818  30.0645
0.0182  30.0645
0.01822  30.0645
0.01824  30.0645
0.01826  30.0645
0.01828  30.0645
0.0183  30.0645
0.01832  30.0645
0.01834  30.0645
0.01836  30.0645
0.01838  30.0645
0.0184  30.0645
0.01842  30.0645
0.01844  30.0645
0.01846  30.0645
0.01848  30.0645
0.0185  30.0645
0.01852  30.0645
0.01854  30.0645
0.01856  30.0645
0.01858  30.0645
0.0186  30.0645
0.01862  30.0645
0.01864  30.0645
0.01866  30.0645
0.01868  30.0645
0.0187  30.0645
0.01872  30.0645
0.01874  30.0645
0.01876  30.0645
0.01878  30.0645
0.0188  30.0645
0.01882  30.0645
0.01884  30.0645
0.01886  30.0645
0.01888  30.0645
0.0189  30.0645
0.01892  30.0645
0.01894  30.0645
0.01896  30.0645
0.01898  30.0645
0.019  30.0645
0.01902  30.0645
0.01904  30.0645
0.01906  30.0645
0.01908  30.0645
0.0191  30.0645
0.01912  30.0645
0.01914  30.0645
0.01916  30.0645
0.01918  30.0645
0.0192  30.0645
0.01922  30.0645
0.01924  30.0645
0.01926  30.0645
0.01928  30.0645
0.0193  30.0645
0.01932  30.0645
0.01934  30.0645
0.01936  30.0645
0.01938  30.0645
0.0194  30.0645
0.01942  30.0645
0.01944  30.0645
0.01946  30.0645
0.01948  30.0645
0.0195  30.0645
0.01952  30.0645
0.01954  30.0645
0.01956  30.0645
0.01958  30.0645
0.0196  30.0645
0.01962  30.0645
0.01964  30.0645
0.01966  30.0645
0.01968  30.0645
0.0197  30.0645
0.01972  30.0645
0.01974  30.0645
0.01976  30.0645
0.01978  30.0645
0.0198  30.0645
0.01982  30.0645
0.01984  30.0645
0.01986  30.0645
0.01988  30.0645
0.0199  30.0645
0.01992  30.0645
0.01994  30.0645
0.01996  30.0645
0.01998  30.0645
0.02  30.064500
0.02002  30.064500
0.02004  30.064500
0.02006  30.064500
0.02008  30.064500
0.0201  30.064500
0.02012  30.064500
0.02014  30.064500
0.02016  30.064500
0.02018  30.064500
0.0202  30.064500
0.02022  30.064500
0.02024  30.064500
0.02026  37.020120
0.02028  49.837560
0.0203  67.092600
0.02032  90.322200
0.02034  131.457000
0.02036  210.055200
0.02038  367.267800
0.0204  691.686000
0.02042  1361.292000
0.02044  2683.176000
0.02046  5035.746000
0.02048  8521.500000
0.0205  12341.640000
0.02052  14681.580000
0.02054  14034.900000
0.02056  10836.300000
0.02058  6981.960000
0.0206  3967.116000
0.02062  2126.580000
0.02064  1147.698000
0.02066  655.638000
0.02068  408.283800
0.0207  279.717600
0.02072  208.471800
0.02074  179.200200
0.02076  154.759200
0.02078  134.275800
0.0208  117.048600
0.02082  102.508800
0.02084  90.194400
0.02086  79.730400
0.02088  70.810200
0.0209  63.181200
0.02092  56.638320
0.02094  51.010200
0.02096  46.156080
0.02098  41.959080
0.021  38.322060
0.02102  35.163900
0.02104  32.416860
0.02106  30.024120
0.02108  30.064500
0.0211  30.064500
0.02112  30.064500
0.02114  30.064500
0.02116  30.064500
0.02118  30.064500
0.0212  30.064500
0.02122  30.064500
0.02124  30.064500
0.02126  30.064500
0.02128  30.064500
0.0213  30.064500
0.02132  30.064500
0.02134  30.064500
0.02136  30.064500
0.02138  30.064500
0.0214  30.064500
0.02142  30.064500
0.02144  30.064500
0.02146  30.064500
0.02148  30.064500
0.0215  30.064500
0.02152  30.064500
0.02154  30.064500
0.02156  30.064500
0.02158  30.064500
0.0216  30.064500
0.02162  30.064500
0.02164  30.064500
0.02166  30.064500
0.02168  30.064500
0.0217  30.064500
0.02172  30.064500
0.02174  30.064500
0.02176  30.064500
0.02178  30.064500
0.0218  30.064500
0.02182  30.064500
0.02184  30.064500
0.02186  30.064500
0.02188  30.064500
0.0219  30.064500
0.02192  30.064500
0.02194  30.064500
0.02196  30.064500
0.02198  30.064500
0.022  30.064500
0.02202  30.064500
0.02204  30.064500
0.02206  30.064500
0.02208  30.064500
0.0221  30.064500
0.02212  30.064500
0.02214  30.064500
0.02216  30.064500
0.02218  30.064500
0.0222  30.064500
0.02222  30.064500
0.02224  30.064500
0.02226  30.064500
0.02228  30.064500
0.0223  30.064500
0.02232  30.064500
0.02234  30.064500
0.02236  30.064500
0.02238  30.064500
0.0224  30.064500
0.02242  30.064500
0.02244  30.064500
0.02246  30.064500
0.02248  30.064500
0.0225  30.064500
0.02252  30.064500
0.02254  30.064500
0.02256  30.064500
0.02258  30.064500
0.0226  30.064500
0.02262  30.064500
0.02264  30.064500
0.02266  30.064500
0.02268  30.064500
0.0227  30.064500
0.02272  30.064500
0.02274  30.064500
0.02276  30.064500
0.02278  30.064500
0.0228  30.064500
0.02282  30.064500
0.02284  30.064500
0.02286  30.064500
0.02288  30.064500
0.0229  30.064500
0.02292  30.064500
0.02294  30.064500
0.02296  30.064500
0.02298  30.064500
0.023  30.064500
0.02302  30.0645
0.02304  30.0645
0.02306  30.0645
0.02308  30.0645
0.0231  30.0645
0.02312  30.0645
0.02314  30.0645
0.02316  30.0645
0.02318  30.0645
0.0232  30.0645
0.02322  30.0645
0.02324  30.0645
0.02326  30.0645
0.02328  30.0645
0.0233  30.0645
0.02332  30.0645
0.02334  30.0645
0.02336  30.0645
0.02338  30.0645
0.0234  30.0645
0.02342  30.0645
0.02344  30.0645
0.02346  30.0645
0.02348  30.0645
0.0235  30.0645
0.02352  30.0645
0.02354  30.0645
0.02356  30.0645
0.02358  30.0645
0.0236  30.0645
0.02362  30.0645
0.02364  30.0645
0.02366  30.0645
0.02368  30.0645
0.0237  30.0645
0.02372  30.0645
0.02374  30.0645
0.02376  30.0645
0.02378  30.0645
0.0238  30.0645
0.02382  30.0645
0.02384  30.0645
0.02386  30.0645
0.02388  30.0645
0.0239  30.0645
0.02392  30.0645
0.02394  30.0645
0.02396  30.0645
0.02398  30.0645
0.024  30.0645
0.02402  30.0645
0.02404  30.0645
0.02406  30.0645
0.02408  30.0645
0.0241  30.0645
0.02412  30.0645
0.02414  30.0645
0.02416  30.0645
0.02418  30.0645
0.0242  30.0645
0.02422  30.0645
0.02424  30.0645
0.02426  30.0645
0.02428  30.0645
0.0243  30.0645
0.02432  30.0645
0.02434  30.0645
0.02436  30.0645
0.02438  30.0645
0.0244  30.0645
0.02442  30.0645
0.02444  30.0645
0.02446  30.0645
0.02448  30.0645
0.0245  30.0645
0.02452  30.0645
0.02454  30.0645
0.02456  30.0645
0.02458  30.0645
0.0246  30.0645
0.02462  30.0645
0.02464  30.0645
0.02466  30.0645
0.02468  30.0645
0.0247  30.0645
0.02472  30.0645
0.02474  30.0645
0.02476  30.0645
0.02478  30.0645
0.0248  30.0645
0.02482  30.0645
0.02484  30.0645
0.02486  30.0645
0.02488  30.0645
0.0249  30.0645
0.02492  30.0645
0.02494  30.0645
0.02496  30.0645
0.02498  30.0645
0.025  30.0645
0.02502  30.0645
0.02504  30.0645
0.02506  30.0645
0.02508  30.0645
0.0251  30.0645
0.02512  30.0645
0.02514  30.0645
0.02516  30.0645
0.02518  30.0645
0.0252  30.0645
0.02522  30.0645
0.02524  30.0645
0.02526  30.0645
0.02528  30.0645
0.0253  30.0645
0.02532  30.0645
0.02534  30.0645
0.02536  30.0645
0.02538  30.0645
0.0254  30.0645
0.02542  30.0645
0.02544  30.0645
0.02546  30.0645
0.02548  30.0645
0.0255  30.0645
0.02552  30.0645
0.02554  30.0645
0.02556  30.0645
0.02558  30.0645
0.0256  30.0645
0.02562  30.0645
0.02564  30.0645
0.02566  30.0645
0.02568  30.0645
0.0257  30.0645
0.02572  30.0645
0.02574  30.0645
0.02576  30.0645
0.02578  30.0645
0.0258  30.0645
0.02582  30.0645
0.02584  30.0645
0.02586  30.0645
0.02588  30.0645
0.0259  30.0645
0.02592  30.0645
0.02594  30.0645
0.02596  30.0645
0.02598  30.0645
0.026  30.0645
0.02602  30.0645
0.02604  30.0645
0.02606  30.0645
0.02608  30.0645
0.0261  30.0645
0.02612  30.0645
0.02614  30.0645
0.02616  30.0645
0.02618  30.0645
0.0262  30.0645
0.02622  30.0645
0.02624  30.0645
0.02626  30.0645
0.02628  30.0645
0.0263  30.0645
0.02632  30.0645
0.02634  30.0645
0.02636  30.0645
0.02638  30.0645
0.0264  30.0645
0.02642  30.0645
0.02644  30.0645
0.02646  30.0645
0.02648  30.0645
0.0265  30.0645
0.02652  30.0645
0.02654  30.0645
0.02656  30.0645
0.02658  30.0645
0.0266  30.0645
0.02662  30.0645
0.02664  30.0645
0.02666  30.0645
0.02668  30.0645
0.0267  30.0645
0.02672  30.0645
0.02674  30.0645
0.02676  30.0645
0.02678  30.0645
0.0268  30.0645
0.02682  30.0645
0.02684  30.0645
0.02686  30.0645
0.02688  30.0645
0.0269  30.0645
0.02692  30.0645
0.02694  30.0645
0.02696  30.0645
0.02698  30.0645
0.027  30.0645
0.02702  30.0645
0.02704  30.0645
0.02706  30.0645
0.02708  30.0645
0.0271  30.0645
0.02712  30.0645
0.02714  30.0645
0.02716  30.0645
0.02718  30.0645
0.0272  30.0645
0.02722  30.0645
0.02724  30.0645
0.02726  30.0645
0.02728  30.0645
0.0273  30.0645
0.02732  30.0645
0.02734  30.0645
0.02736  30.0645
0.02738  30.0645
0.0274  30.0645
0.02742  30.0645
0.02744  30.0645
0.02746  30.0645
0.02748  30.0645
0.0275  30.0645
0.02752  30.0645
0.02754  30.0645
0.02756  30.0645
0.02758  30.0645
0.0276  30.0645
0.02762  30.0645
0.02764  30.0645
0.02766  30.0645
0.02768  30.0645
0.0277  30.0645
0.02772  30.0645
0.02774  30.0645
0.02776  30.0645
0.02778  30.0645
0.0278  30.0645
0.02782  30.0645
0.02784  30.0645
0.02786  30.0645
0.02788  30.0645
0.0279  30.0645
0.02792  30.0645
0.02794  30.0645
0.02796  30.0645
0.02798  30.0645
0.028  30.0645
0.02802  30.0645
0.02804  30.0645
0.02806  30.0645
0.02808  30.0645
0.0281  30.0645
0.02812  30.0645
0.02814  30.0645
0.02816  30.0645
0.02818  30.0645
0.0282  30.0645
0.02822  30.0645
0.02824  30.0645
0.02826  30.0645
0.02828  30.0645
0.0283  30.0645
0.02832  30.0645
0.02834  30.0645
0.02836  30.0645
0.02838  30.0645
0.0284  30.0645
0.02842  30.0645
0.02844  30.0645
0.02846  30.0645
0.02848  30.0645
0.0285  30.0645
0.02852  30.0645
0.02854  30.0645
0.02856  30.0645
0.02858  30.0645
0.0286  30.0645
0.02862  30.0645
0.02864  30.0645
0.02866  30.0645
0.02868  30.0645
0.0287  30.0645
0.02872  30.0645
0.02874  30.0645
0.02876  30.0645
0.02878  30.0645
0.0288  30.0645
0.02882  30.0645
0.02884  30.0645
0.02886  30.0645
0.02888  30.0645
0.0289  30.0645
0.02892  30.0645
0.02894  30.0645
0.02896  30.0645
0.02898  30.0645
0.029  30.0645
0.02902  30.0645
0.02904  30.0645
0.02906  30.0645
0.02908  30.0645
0.0291  30.0645
0.02912  30.0645
0.02914  30.0645
0.02916  30.0645
0.02918  30.0645
0.0292  30.0645
0.02922  30.0645
0.02924  30.0645
0.02926  30.0645
0.02928  30.0645
0.0293  30.0645
0.02932  30.0645
0.02934  30.0645
0.02936  30.0645
0.02938  30.0645
0.0294  30.0645
0.02942  30.0645
0.02944  30.0645
0.02946  30.0645
0.02948  30.0645
0.0295  30.0645
0.02952  30.0645
0.02954  30.0645
0.02956  30.0645
0.02958  30.0645
0.0296  30.0645
0.02962  30.0645
0.02964  30.0645
0.02966  30.0645
0.02968  30.0645
0.0297  30.0645
0.02972  30.0645
0.02974  30.0645
0.02976  30.0645
0.02978  30.0645
0.0298  30.0645
0.02982  30.0645
0.02984  30.0645
0.02986  30.0645
0.02988  30.0645
0.0299  30.0645
0.02992  30.0645
0.02994  30.0645
0.02996  30.0645
0.02998  30.0645
0.03  30.0645
0.03002  30.0645
0.03004  30.0645
0.03006  30.0645
0.03008  30.0645
0.0301  30.0645
0.03012  30.0645
0.03014  30.0645
0.03016  30.0645
0.03018  30.0645
0.0302  30.0645
0.03022  30.0645
0.03024  30.0645
0.03026  30.0645
0.03028  30.0645
0.0303  30.0645
0.03032  30.0645
0.03034  30.0645
0.03036  30.0645
0.03038  30.0645
0.0304  30.0645
0.03042  30.0645
0.03044  30.0645
0.03046  30.0645
0.03048  30.0645
0.0305  30.0645
0.03052  30.0645
0.03054  30.0645
0.03056  30.0645
0.03058  30.0645
0.0306  30.0645
0.03062  30.0645
0.03064  30.0645
0.03066  30.0645
0.03068  30.0645
0.0307  30.0645
0.03072  30.0645
0.03074  30.0645
0.03076  30.0645
0.03078  30.0645
0.0308  30.0645
0.03082  30.0645
0.03084  30.0645
0.03086  30.0645
0.03088  30.0645
0.0309  30.0645
0.03092  30.0645
0.03094  30.0645
0.03096  30.0645
0.03098  30.0645
0.031  30.0645
0.03102  30.0645
0.03104  30.0645
0.03106  30.0645
0.03108  30.0645
0.0311  30.0645
0.03112  30.0645
0.03114  30.0645
0.03116  30.0645
0.03118  30.0645
0.0312  30.0645
0.03122  30.0645
0.03124  30.0645
0.03126  30.0645
0.03128  30.0645
0.0313  30.0645
0.03132  30.0645
0.03134  30.0645
0.03136  30.0645
0.03138  30.0645
0.0314  30.0645
0.03142  30.0645
0.03144  30.0645
0.03146  30.0645
0.03148  30.0645
0.0315  30.0645
0.03152  30.0645
0.03154  30.0645
0.03156  30.0645
0.03158  30.0645
0.0316  30.0645
0.03162  30.0645
0.03164  30.0645
0.03166  30.0645
0.03168  30.0645
0.0317  30.0645
0.03172  30.0645
0.03174  30.0645
0.03176  30.0645
0.03178  30.0645
0.0318  30.0645
0.03182  30.0645
0.03184  30.0645
0.03186  30.0645
0.03188  30.0645
0.0319  30.0645
0.03192  30.0645
0.03194  30.0645
0.03196  30.0645
0.03198  30.0645
0.032  30.0645
0.03202  30.0645
0.03204  30.0645
0.03206  30.0645
0.03208  30.0645
0.0321  30.0645
0.03212  30.0645
0.03214  30.0645
0.03216  30.0645
0.03218  30.0645
0.0322  30.0645
0.03222  30.0645
0.03224  30.0645
0.03226  30.0645
0.03228  30.0645
0.0323  30.0645
0.03232  30.0645
0.03234  30.0645
0.03236  30.0645
0.03238  30.0645
0.0324  30.0645
0.03242  30.0645
0.03244  30.0645
0.03246  30.0645
0.03248  30.0645
0.0325  30.0645
0.03252  30.0645
0.03254  30.0645
0.03256  30.0645
0.03258  30.0645
0.0326  30.0645
0.03262  30.0645
0.03264  30.0645
0.03266  30.0645
0.03268  30.0645
0.0327  30.0645
0.03272  30.0645
0.03274  30.0645
0.03276  30.0645
0.03278  30.0645
0.0328  30.0645
0.03282  30.0645
0.03284  30.0645
0.03286  30.0645
0.03288  30.0645
0.0329  30.0645
0.03292  30.0645
0.03294  30.0645
0.03296  30.0645
0.03298  30.0645
0.033  30.0645
0.03302  30.0645
0.03304  30.0645
0.03306  30.0645
0.03308  30.0645
0.0331  30.0645
0.03312  30.0645
0.03314  30.0645
0.03316  30.0645
0.03318  30.0645
0.0332  30.0645
0.03322  30.0645
0.03324  30.0645
0.03326  30.0645
0.03328  30.0645
0.0333  30.0645
0.03332  30.0645
0.03334  30.0645
0.03336  30.0645
0.03338  30.0645
0.0334  30.0645
0.03342  30.0645
0.03344  30.0645
0.03346  30.0645
0.03348  30.0645
0.0335  30.0645
0.03352  30.0645
0.03354  30.0645
0.03356  30.0645
0.03358  30.0645
0.0336  30.0645
0.03362  30.0645
0.03364  30.0645
0.03366  30.0645
0.03368  30.0645
0.0337  30.0645
0.03372  30.0645
0.03374  30.0645
0.03376  30.0645
0.03378  30.0645
0.0338  30.0645
0.03382  30.0645
0.03384  30.0645
0.03386  30.0645
0.03388  30.0645
0.0339  30.0645
0.03392  30.0645
0.03394  30.0645
0.03396  30.0645
0.03398  30.0645
0.034  30.0645
0.03402  30.0645
0.03404  30.0645
0.03406  30.0645
0.03408  30.0645
0.0341  30.0645
0.03412  30.0645
0.03414  30.0645
0.03416  30.0645
0.03418  30.0645
0.0342  30.0645
0.03422  30.0645
0.03424  30.0645
0.03426  30.0645
0.03428  30.0645
0.0343  30.0645
0.03432  30.0645
0.03434  30.0645
0.03436  30.0645
0.03438  30.0645
0.0344  30.0645
0.03442  30.0645
0.03444  30.0645
0.03446  30.0645
0.03448  30.0645
0.0345  30.0645
0.03452  30.0645
0.03454  30.0645
0.03456  30.0645
0.03458  30.0645
0.0346  30.0645
0.03462  30.0645
0.03464  30.0645
0.03466  30.0645
0.03468  30.0645
0.0347  30.0645
0.03472  30.0645
0.03474  30.0645
0.03476  30.0645
0.03478  30.0645
0.0348  30.0645
0.03482  30.0645
0.03484  30.0645
0.03486  30.0645
0.03488  30.0645
0.0349  30.0645
0.03492  30.0645
0.03494  30.0645
0.03496  30.0645
0.03498  30.0645
0.035  30.0645
0.03502  30.0645
0.03504  30.0645
0.03506  30.0645
0.03508  30.0645
0.0351  30.0645
0.03512  30.0645
0.03514  30.0645
0.03516  30.0645
0.03518  30.0645
0.0352  30.0645
0.03522  30.0645
0.03524  30.0645
0.03526  30.0645
0.03528  30.0645
0.0353  30.0645
0.03532  30.0645
0.03534  30.0645
0.03536  30.0645
0.03538  30.0645
0.0354  30.0645
0.03542  30.0645
0.03544  30.0645
0.03546  30.0645
0.03548  30.0645
0.0355  30.0645
0.03552  30.0645
0.03554  30.0645
0.03556  30.0645
0.03558  30.0645
0.0356  30.0645
0.03562  30.0645
0.03564  30.0645
0.03566  30.0645
0.03568  30.0645
0.0357  30.0645
0.03572  30.0645
0.03574  30.0645
0.03576  30.0645
0.03578  30.0645
0.0358  30.0645
0.03582  30.0645
0.03584  30.0645
0.03586  30.0645
0.03588  30.0645
0.0359  30.0645
0.03592  30.0645
0.03594  30.0645
0.03596  30.0645
0.03598  30.0645
0.036  30.0645
0.03602  30.0645
0.03604  30.0645
0.03606  30.0645
0.03608  30.0645
0.0361  30.0645
0.03612  30.0645
0.03614  30.0645
0.03616  30.0645
0.03618  30.0645
0.0362  30.0645
0.03622  30.0645
0.03624  30.0645
0.03626  30.0645
0.03628  30.0645
0.0363  30.0645
0.03632  30.0645
0.03634  30.0645
0.03636  30.0645
0.03638  30.0645
0.0364  30.0645
0.03642  30.0645
0.03644  30.0645
0.03646  30.0645
0.03648  30.0645
0.0365  30.0645
0.03652  30.0645
0.03654  30.0645
0.03656  30.0645
0.03658  30.0645
0.0366  30.0645
0.03662  30.0645
0.03664  30.0645
0.03666  30.0645
0.03668  30.0645
0.0367  30.0645
0.03672  30.0645
0.03674  30.0645
0.03676  30.0645
0.03678  30.0645
0.0368  30.0645
0.03682  30.0645
0.03684  30.0645
0.03686  30.0645
0.03688  30.0645
0.0369  30.0645
0.03692  30.0645
0.03694  30.0645
0.03696  30.0645
0.03698  30.0645
0.037  30.0645
0.03702  30.0645
0.03704  30.0645
0.03706  30.0645
0.03708  30.0645
0.0371  30.0645
0.03712  30.0645
0.03714  30.0645
0.03716  30.0645
0.03718  30.0645
0.0372  30.0645
0.03722  30.0645
0.03724  30.0645
0.03726  30.0645
0.03728  30.0645
0.0373  30.0645
0.03732  30.0645
0.03734  30.0645
0.03736  30.0645
0.03738  30.0645
0.0374  30.0645
0.03742  30.0645
0.03744  30.0645
0.03746  30.0645
0.03748  30.0645
0.0375  30.0645
0.03752  30.0645
0.03754  30.0645
0.03756  30.0645
0.03758  30.0645
0.0376  30.0645
0.03762  30.0645
0.03764  30.0645
0.03766  30.0645
0.03768  30.0645
0.0377  30.0645
0.03772  30.0645
0.03774  30.0645
0.03776  30.0645
0.03778  30.0645
0.0378  30.0645
0.03782  30.0645
0.03784  30.0645
0.03786  30.0645
0.03788  30.0645
0.0379  30.0645
0.03792  30.0645
0.03794  30.0645
0.03796  30.0645
0.03798  30.0645
0.038  30.0645
0.03802  30.0645
0.03804  30.0645
0.03806  30.0645
0.03808  30.0645
0.0381  30.0645
0.03812  30.0645
0.03814  30.0645
0.03816  30.0645
0.03818  30.0645
0.0382  30.0645
0.03822  30.0645
0.03824  30.0645
0.03826  30.0645
0.03828  30.0645
0.0383  30.0645
0.03832  30.0645
0.03834  30.0645
0.03836  30.0645
0.03838  30.0645
0.0384  30.0645
0.03842  30.0645
0.03844  30.0645
0.03846  30.0645
0.03848  30.0645
0.0385  30.0645
0.03852  30.0645
0.03854  30.0645
0.03856  30.0645
0.03858  30.0645
0.0386  30.0645
0.03862  30.0645
0.03864  30.0645
0.03866  30.0645
0.03868  30.0645
0.0387  30.0645
0.03872  30.0645
0.03874  30.0645
0.03876  30.0645
0.03878  30.0645
0.0388  30.0645
0.03882  30.0645
0.03884  30.0645
0.03886  30.0645
0.03888  30.0645
0.0389  30.0645
0.03892  30.0645
0.03894  30.0645
0.03896  30.0645
0.03898  30.0645
0.039  30.0645
0.03902  30.0645
0.03904  30.0645
0.03906  30.0645
0.03908  30.0645
0.0391  30.0645
0.03912  30.0645
0.03914  30.0645
0.03916  30.0645
0.03918  30.0645
0.0392  30.0645
0.03922  30.0645
0.03924  30.0645
0.03926  30.0645
0.03928  30.0645
0.0393  30.0645
0.03932  30.0645
0.03934  30.0645
0.03936  30.0645
0.03938  30.0645
0.0394  30.0645
0.03942  30.0645
0.03944  30.0645
0.03946  30.0645
0.03948  30.0645
0.0395  30.0645
0.03952  30.0645
0.03954  30.0645
0.03956  30.0645
0.03958  30.0645
0.0396  30.0645
0.03962  30.0645
0.03964  30.0645
0.03966  30.0645
0.03968  30.0645
0.0397  30.0645
0.03972  30.0645
0.03974  30.0645
0.03976  30.0645
0.03978  30.0645
0.0398  30.0645
0.03982  30.0645
0.03984  30.0645
0.03986  30.0645
0.03988  30.0645
0.0399  30.0645
0.03992  30.0645
0.03994  30.0645
0.03996  30.0645
0.03998  30.0645
0.04  30.064500
0.04002  30.064500
0.04004  30.064500
0.04006  30.064500
0.04008  30.064500
0.0401  30.064500
0.04012  30.064500
0.04014  30.064500
0.04016  30.064500
0.04018  30.064500
0.0402  30.064500
0.04022  30.064500
0.04024  30.064500
0.04026  37.020120
0.04028  49.837560
0.0403  67.092600
0.04032  90.322200
0.04034  131.457000
0.04036  210.055200
0.04038  367.267800
0.0404  691.686000
0.04042  1361.292000
0.04044  2683.176000
0.04046  5035.746000
0.04048  8521.500000
0.0405  12341.640000
0.04052  14681.580000
0.04054  14034.900000
0.04056  10836.300000
0.04058  6981.960000
0.0406  3967.116000
0.04062  2126.580000
0.04064  1147.698000
0.04066  655.638000
0.04068  408.283800
0.0407  279.717600
0.04072  208.471800
0.04074  179.200200
0.04076  154.759200
0.04078  134.275800
0.0408  117.048600
0.04082  102.508800
0.04084  90.194400
0.04086  79.730400
0.04088  70.810200
0.0409  63.181200
0.04092  56.638320
0.04094  51.010200
0.04096  46.156080
0.04098  41.959080
0.041  38.322060
0.04102  35.163900
0.04104  32.416860
0.04106  30.024120
0.04108  30.064500
0.0411  30.064500
0.04112  30.064500
0.04114  30.064500
0.04116  30.064500
0.04118  30.064500
0.0412  30.064500
0.04122  30.064500
0.04124  30.064500
0.04126  30.064500
0.04128  30.064500
0.0413  30.064500
0.04132  30.064500
0.04134  30.064500
0.04136  30.064500
0.04138  30.064500
0.0414  30.064500
0.04142  30.064500
0.04144  30.064500
0.04146  30.064500
0.04148  30.064500
0.0415  30.064500
0.04152  30.064500
0.04154  30.064500
0.04156  30.064500
0.04158  30.064500
0.0416  30.064500
0.04162  30.064500
0.04164  30.064500
0.04166  30.064500
0.04168  30.064500
0.0417  30.064500
0.04172  30.064500
0.04174  30.064500
0.04176  30.064500
0.04178  30.064500
0.0418  30.064500
0.04182  30.064500
0.04184  30.064500
0.04186  30.064500
0.04188  30.064500
0.0419  30.064500
0.04192  30.064500
0.04194  30.064500
0.04196  30.064500
0.04198  30.064500
0.042  30.064500
0.04202  30.064500
0.04204  30.064500
0.04206  30.064500
0.04208  30.064500
0.0421  30.064500
0.04212  30.064500
0.04214  30.064500
0.04216  30.064500
0.04218  30.064500
0.0422  30.064500
0.04222  30.064500
0.04224  30.064500
0.04226  30.064500
0.04228  30.064500
0.0423  30.064500
0.04232  30.064500
0.04234  30.064500
0.04236  30.064500
0.04238  30.064500
0.0424  30.064500
0.04242  30.064500
0.04244  30.064500
0.04246  30.064500
0.04248  30.064500
0.0425  30.064500
0.04252  30.064500
0.04254  30.064500
0.04256  30.064500
0.04258  30.064500
0.0426  30.064500
0.04262  30.064500
0.04264  30.064500
0.04266  30.064500
0.04268  30.064500
0.0427  30.064500
0.04272  30.064500
0.04274  30.064500
0.04276  30.064500
0.04278  30.064500
0.0428  30.064500
0.04282  30.064500
0.04284  30.064500
0.04286  30.064500
0.04288  30.064500
0.0429  30.064500
0.04292  30.064500
0.04294  30.064500
0.04296  30.064500
0.04298  30.064500
0.043  30.064500
0.04302  30.0645
0.04304  30.0645
0.04306  30.0645
0.04308  30.0645
0.0431  30.0645
0.04312  30.0645
0.04314  30.0645
0.04316  30.0645
0.04318  30.0645
0.0432  30.0645
0.04322  30.0645
0.04324  30.0645
0.04326  30.0645
0.04328  30.0645
0.0433  30.0645
0.04332  30.0645
0.04334  30.0645
0.04336  30.0645
0.04338  30.0645
0.0434  30.0645
0.04342  30.0645
0.04344  30.0645
0.04346  30.0645
0.04348  30.0645
0.0435  30.0645
0.04352  30.0645
0.04354  30.0645
0.04356  30.0645
0.04358  30.0645
0.0436  30.0645
0.04362  30.0645
0.04364  30.0645
0.04366  30.0645
0.04368  30.0645
0.0437  30.0645
0.04372  30.0645
0.04374  30.0645
0.04376  30.0645
0.04378  30.0645
0.0438  30.0645
0.04382  30.0645
0.04384  30.0645
0.04386  30.0645
0.04388  30.0645
0.0439  30.0645
0.04392  30.0645
0.04394  30.0645
0.04396  30.0645
0.04398  30.0645
0.044  30.0645
0.04402  30.0645
0.04404  30.0645
0.04406  30.0645
0.04408  30.0645
0.0441  30.0645
0.04412  30.0645
0.04414  30.0645
0.04416  30.0645
0.04418  30.0645
0.0442  30.0645
0.04422  30.0645
0.04424  30.0645
0.04426  30.0645
0.04428  30.0645
0.0443  30.0645
0.04432  30.0645
0.04434  30.0645
0.04436  30.0645
0.04438  30.0645
0.0444  30.0645
0.04442  30.0645
0.04444  30.0645
0.04446  30.0645
0.04448  30.0645
0.0445  30.0645
0.04452  30.0645
0.04454  30.0645
0.04456  30.0645
0.04458  30.0645
0.0446  30.0645
0.04462  30.0645
0.04464  30.0645
0.04466  30.0645
0.04468  30.0645
0.0447  30.0645
0.04472  30.0645
0.04474  30.0645
0.04476  30.0645
0.04478  30.0645
0.0448  30.0645
0.04482  30.0645
0.04484  30.0645
0.04486  30.0645
0.04488  30.0645
0.0449  30.0645
0.04492  30.0645
0.04494  30.0645
0.04496  30.0645
0.04498  30.0645
0.045  30.0645
0.04502  30.0645
0.04504  30.0645
0.04506  30.0645
0.04508  30.0645
0.0451  30.0645
0.04512  30.0645
0.04514  30.0645
0.04516  30.0645
0.04518  30.0645
0.0452  30.0645
0.04522  30.0645
0.04524  30.0645
0.04526  30.0645
0.04528  30.0645
0.0453  30.0645
0.04532  30.0645
0.04534  30.0645
0.04536  30.0645
0.04538  30.0645
0.0454  30.0645
0.04542  30.0645
0.04544  30.0645
0.04546  30.0645
0.04548  30.0645
0.0455  30.0645
0.04552  30.0645
0.04554  30.0645
0.04556  30.0645
0.04558  30.0645
0.0456  30.0645
0.04562  30.0645
0.04564  30.0645
0.04566  30.0645
0.04568  30.0645
0.0457  30.0645
0.04572  30.0645
0.04574  30.0645
0.04576  30.0645
0.04578  30.0645
0.0458  30.0645
0.04582  30.0645
0.04584  30.0645
0.04586  30.0645
0.04588  30.0645
0.0459  30.0645
0.04592  30.0645
0.04594  30.0645
0.04596  30.0645
0.04598  30.0645
0.046  30.0645
0.04602  30.0645
0.04604  30.0645
0.04606  30.0645
0.04608  30.0645
0.0461  30.0645
0.04612  30.0645
0.04614  30.0645
0.04616  30.0645
0.04618  30.0645
0.0462  30.0645
0.04622  30.0645
0.04624  30.0645
0.04626  30.0645
0.04628  30.0645
0.0463  30.0645
0.04632  30.0645
0.04634  30.0645
0.04636  30.0645
0.04638  30.0645
0.0464  30.0645
0.04642  30.0645
0.04644  30.0645
0.04646  30.0645
0.04648  30.0645
0.0465  30.0645
0.04652  30.0645
0.04654  30.0645
0.04656  30.0645
0.04658  30.0645
0.0466  30.0645
0.04662  30.0645
0.04664  30.0645
0.04666  30.0645
0.04668  30.0645
0.0467  30.0645
0.04672  30.0645
0.04674  30.0645
0.04676  30.0645
0.04678  30.0645
0.0468  30.0645
0.04682  30.0645
0.04684  30.0645
0.04686  30.0645
0.04688  30.0645
0.0469  30.0645
0.04692  30.0645
0.04694  30.0645
0.04696  30.0645
0.04698  30.0645
0.047  30.0645
0.04702  30.0645
0.04704  30.0645
0.04706  30.0645
0.04708  30.0645
0.0471  30.0645
0.04712  30.0645
0.04714  30.0645
0.04716  30.0645
0.04718  30.0645
0.0472  30.0645
0.04722  30.0645
0.04724  30.0645
0.04726  30.0645
0.04728  30.0645
0.0473  30.0645
0.04732  30.0645
0.04734  30.0645
0.04736  30.0645
0.04738  30.0645
0.0474  30.0645
0.04742  30.0645
0.04744  30.0645
0.04746  30.0645
0.04748  30.0645
0.0475  30.0645
0.04752  30.0645
0.04754  30.0645
0.04756  30.0645
0.04758  30.0645
0.0476  30.0645
0.04762  30.0645
0.04764  30.0645
0.04766  30.0645
0.04768  30.0645
0.0477  30.0645
0.04772  30.0645
0.04774  30.0645
0.04776  30.0645
0.04778  30.0645
0.0478  30.0645
0.04782  30.0645
0.04784  30.0645
0.04786  30.0645
0.04788  30.0645
0.0479  30.0645
0.04792  30.0645
0.04794  30.0645
0.04796  30.0645
0.04798  30.0645
0.048  30.0645
0.04802  30.0645
0.04804  30.0645
0.04806  30.0645
0.04808  30.0645
0.0481  30.0645
0.04812  30.0645
0.04814  30.0645
0.04816  30.0645
0.04818  30.0645
0.0482  30.0645
0.04822  30.0645
0.04824  30.0645
0.04826  30.0645
0.04828  30.0645
0.0483  30.0645
0.04832  30.0645
0.04834  30.0645
0.04836  30.0645
0.04838  30.0645
0.0484  30.0645
0.04842  30.0645
0.04844  30.0645
0.04846  30.0645
0.04848  30.0645
0.0485  30.0645
0.04852  30.0645
0.04854  30.0645
0.04856  30.0645
0.04858  30.0645
0.0486  30.0645
0.04862  30.0645
0.04864  30.0645
0.04866  30.0645
0.04868  30.0645
0.0487  30.0645
0.04872  30.0645
0.04874  30.0645
0.04876  30.0645
0.04878  30.0645
0.0488  30.0645
0.04882  30.0645
0.04884  30.0645
0.04886  30.0645
0.04888  30.0645
0.0489  30.0645
0.04892  30.0645
0.04894  30.0645
0.04896  30.0645
0.04898  30.0645
0.049  30.0645
0.04902  30.0645
0.04904  30.0645
0.04906  30.0645
0.04908  30.0645
0.0491  30.0645
0.04912  30.0645
0.04914  30.0645
0.04916  30.0645
0.04918  30.0645
0.0492  30.0645
0.04922  30.0645
0.04924  30.0645
0.04926  30.0645
0.04928  30.0645
0.0493  30.0645
0.04932  30.0645
0.04934  30.0645
0.04936  30.0645
0.04938  30.0645
0.0494  30.0645
0.04942  30.0645
0.04944  30.0645
0.04946  30.0645
0.04948  30.0645
0.0495  30.0645
0.04952  30.0645
0.04954  30.0645
0.04956  30.0645
0.04958  30.0645
0.0496  30.0645
0.04962  30.0645
0.04964  30.0645
0.04966  30.0645
0.04968  30.0645
0.0497  30.0645
0.04972  30.0645
0.04974  30.0645
0.04976  30.0645
0.04978  30.0645
0.0498  30.0645
0.04982  30.0645
0.04984  30.0645
0.04986  30.0645
0.04988  30.0645
0.0499  30.0645
0.04992  30.0645
0.04994  30.0645
0.04996  30.0645
0.04998  30.0645
0.05  30.0645
0.05002  30.0645
0.05004  30.0645
0.05006  30.0645
0.05008  30.0645
0.0501  30.0645
0.05012  30.0645
0.05014  30.0645
0.05016  30.0645
0.05018  30.0645
0.0502  30.0645
0.05022  30.0645
0.05024  30.0645
0.05026  30.0645
0.05028  30.0645
0.0503  30.0645
0.05032  30.0645
0.05034  30.0645
0.05036  30.0645
0.05038  30.0645
0.0504  30.0645
0.05042  30.0645
0.05044  30.0645
0.05046  30.0645
0.05048  30.0645
0.0505  30.0645
0.05052  30.0645
0.05054  30.0645
0.05056  30.0645
0.05058  30.0645
0.0506  30.0645
0.05062  30.0645
0.05064  30.0645
0.05066  30.0645
0.05068  30.0645
0.0507  30.0645
0.05072  30.0645
0.05074  30.0645
0.05076  30.0645
0.05078  30.0645
0.0508  30.0645
0.05082  30.0645
0.05084  30.0645
0.05086  30.0645
0.05088  30.0645
0.0509  30.0645
0.05092  30.0645
0.05094  30.0645
0.05096  30.0645
0.05098  30.0645
0.051  30.0645
0.05102  30.0645
0.05104  30.0645
0.05106  30.0645
0.05108  30.0645
0.0511  30.0645
0.05112  30.0645
0.05114  30.0645
0.05116  30.0645
0.05118  30.0645
0.0512  30.0645
0.05122  30.0645
0.05124  30.0645
0.05126  30.0645
0.05128  30.0645
0.0513  30.0645
0.05132  30.0645
0.05134  30.0645
0.05136  30.0645
0.05138  30.0645
0.0514  30.0645
0.05142  30.0645
0.05144  30.0645
0.05146  30.0645
0.05148  30.0645
0.0515  30.0645
0.05152  30.0645
0.05154  30.0645
0.05156  30.0645
0.05158  30.0645
0.0516  30.0645
0.05162  30.0645
0.05164  30.0645
0.05166  30.0645
0.05168  30.0645
0.0517  30.0645
0.05172  30.0645
0.05174  30.0645
0.05176  30.0645
0.05178  30.0645
0.0518  30.0645
0.05182  30.0645
0.05184  30.0645
0.05186  30.0645
0.05188  30.0645
0.0519  30.0645
0.05192  30.0645
0.05194  30.0645
0.05196  30.0645
0.05198  30.0645
0.052  30.0645
0.05202  30.0645
0.05204  30.0645
0.05206  30.0645
0.05208  30.0645
0.0521  30.0645
0.05212  30.0645
0.05214  30.0645
0.05216  30.0645
0.05218  30.0645
0.0522  30.0645
0.05222  30.0645
0.05224  30.0645
0.05226  30.0645
0.05228  30.0645
0.0523  30.0645
0.05232  30.0645
0.05234  30.0645
0.05236  30.0645
0.05238  30.0645
0.0524  30.0645
0.05242  30.0645
0.05244  30.0645
0.05246  30.0645
0.05248  30.0645
0.0525  30.0645
0.05252  30.0645
0.05254  30.0645
0.05256  30.0645
0.05258  30.0645
0.0526  30.0645
0.05262  30.0645
0.05264  30.0645
0.05266  30.0645
0.05268  30.0645
0.0527  30.0645
0.05272  30.0645
0.05274  30.0645
0.05276  30.0645
0.05278  30.0645
0.0528  30.0645
0.05282  30.0645
0.05284  30.0645
0.05286  30.0645
0.05288  30.0645
0.0529  30.0645
0.05292  30.0645
0.05294  30.0645
0.05296  30.0645
0.05298  30.0645
0.053  30.0645
0.05302  30.0645
0.05304  30.0645
0.05306  30.0645
0.05308  30.0645
0.0531  30.0645
0.05312  30.0645
0.05314  30.0645
0.05316  30.0645
0.05318  30.0645
0.0532  30.0645
0.05322  30.0645
0.05324  30.0645
0.05326  30.0645
0.05328  30.0645
0.0533  30.0645
0.05332  30.0645
0.05334  30.0645
0.05336  30.0645
0.05338  30.0645
0.0534  30.0645
0.05342  30.0645
0.05344  30.0645
0.05346  30.0645
0.05348  30.0645
0.0535  30.0645
0.05352  30.0645
0.05354  30.0645
0.05356  30.0645
0.05358  30.0645
0.0536  30.0645
0.05362  30.0645
0.05364  30.0645
0.05366  30.0645
0.05368  30.0645
0.0537  30.0645
0.05372  30.0645
0.05374  30.0645
0.05376  30.0645
0.05378  30.0645
0.0538  30.0645
0.05382  30.0645
0.05384  30.0645
0.05386  30.0645
0.05388  30.0645
0.0539  30.0645
0.05392  30.0645
0.05394  30.0645
0.05396  30.0645
0.05398  30.0645
0.054  30.0645
0.05402  30.0645
0.05404  30.0645
0.05406  30.0645
0.05408  30.0645
0.0541  30.0645
0.05412  30.0645
0.05414  30.0645
0.05416  30.0645
0.05418  30.0645
0.0542  30.0645
0.05422  30.0645
0.05424  30.0645
0.05426  30.0645
0.05428  30.0645
0.0543  30.0645
0.05432  30.0645
0.05434  30.0645
0.05436  30.0645
0.05438  30.0645
0.0544  30.0645
0.05442  30.0645
0.05444  30.0645
0.05446  30.0645
0.05448  30.0645
0.0545  30.0645
0.05452  30.0645
0.05454  30.0645
0.05456  30.0645
0.05458  30.0645
0.0546  30.0645
0.05462  30.0645
0.05464  30.0645
0.05466  30.0645
0.05468  30.0645
0.0547  30.0645
0.05472  30.0645
0.05474  30.0645
0.05476  30.0645
0.05478  30.0645
0.0548  30.0645
0.05482  30.0645
0.05484  30.0645
0.05486  30.0645
0.05488  30.0645
0.0549  30.0645
0.05492  30.0645
0.05494  30.0645
0.05496  30.0645
0.05498  30.0645
0.055  30.0645
0.05502  30.0645
0.05504  30.0645
0.05506  30.0645
0.05508  30.0645
0.0551  30.0645
0.05512  30.0645
0.05514  30.0645
0.05516  30.0645
0.05518  30.0645
0.0552  30.0645
0.05522  30.0645
0.05524  30.0645
0.05526  30.0645
0.05528  30.0645
0.0553  30.0645
0.05532  30.0645
0.05534  30.0645
0.05536  30.0645
0.05538  30.0645
0.0554  30.0645
0.05542  30.0645
0.05544  30.0645
0.05546  30.0645
0.05548  30.0645
0.0555  30.0645
0.05552  30.0645
0.05554  30.0645
0.05556  30.0645
0.05558  30.0645
0.0556  30.0645
0.05562  30.0645
0.05564  30.0645
0.05566  30.0645
0.05568  30.0645
0.0557  30.0645
0.05572  30.0645
0.05574  30.0645
0.05576  30.0645
0.05578  30.0645
0.0558  30.0645
0.05582  30.0645
0.05584  30.0645
0.05586  30.0645
0.05588  30.0645
0.0559  30.0645
0.05592  30.0645
0.05594  30.0645
0.05596  30.0645
0.05598  30.0645
0.056  30.0645
0.05602  30.0645
0.05604  30.0645
0.05606  30.0645
0.05608  30.0645
0.0561  30.0645
0.05612  30.0645
0.05614  30.0645
0.05616  30.0645
0.05618  30.0645
0.0562  30.0645
0.05622  30.0645
0.05624  30.0645
0.05626  30.0645
0.05628  30.0645
0.0563  30.0645
0.05632  30.0645
0.05634  30.0645
0.05636  30.0645
0.05638  30.0645
0.0564  30.0645
0.05642  30.0645
0.05644  30.0645
0.05646  30.0645
0.05648  30.0645
0.0565  30.0645
0.05652  30.0645
0.05654  30.0645
0.05656  30.0645
0.05658  30.0645
0.0566  30.0645
0.05662  30.0645
0.05664  30.0645
0.05666  30.0645
0.05668  30.0645
0.0567  30.0645
0.05672  30.0645
0.05674  30.0645
0.05676  30.0645
0.05678  30.0645
0.0568  30.0645
0.05682  30.0645
0.05684  30.0645
0.05686  30.0645
0.05688  30.0645
0.0569  30.0645
0.05692  30.0645
0.05694  30.0645
0.05696  30.0645
0.05698  30.0645
0.057  30.0645
0.05702  30.0645
0.05704  30.0645
0.05706  30.0645
0.05708  30.0645
0.0571  30.0645
0.05712  30.0645
0.05714  30.0645
0.05716  30.0645
0.05718  30.0645
0.0572  30.0645
0.05722  30.0645
0.05724  30.0645
0.05726  30.0645
0.05728  30.0645
0.0573  30.0645
0.05732  30.0645
0.05734  30.0645
0.05736  30.0645
0.05738  30.0645
0.0574  30.0645
0.05742  30.0645
0.05744  30.0645
0.05746  30.0645
0.05748  30.0645
0.0575  30.0645
0.05752  30.0645
0.05754  30.0645
0.05756  30.0645
0.05758  30.0645
0.0576  30.0645
0.05762  30.0645
0.05764  30.0645
0.05766  30.0645
0.05768  30.0645
0.0577  30.0645
0.05772  30.0645
0.05774  30.0645
0.05776  30.0645
0.05778  30.0645
0.0578  30.0645
0.05782  30.0645
0.05784  30.0645
0.05786  30.0645
0.05788  30.0645
0.0579  30.0645
0.05792  30.0645
0.05794  30.0645
0.05796  30.0645
0.05798  30.0645
0.058  30.0645
0.05802  30.0645
0.05804  30.0645
0.05806  30.0645
0.05808  30.0645
0.0581  30.0645
0.05812  30.0645
0.05814  30.0645
0.05816  30.0645
0.05818  30.0645
0.0582  30.0645
0.05822  30.0645
0.05824  30.0645
0.05826  30.0645
0.05828  30.0645
0.0583  30.0645
0.05832  30.0645
0.05834  30.0645
0.05836  30.0645
0.05838  30.0645
0.0584  30.0645
0.05842  30.0645
0.05844  30.0645
0.05846  30.0645
0.05848  30.0645
0.0585  30.0645
0.05852  30.0645
0.05854  30.0645
0.05856  30.0645
0.05858  30.0645
0.0586  30.0645
0.05862  30.0645
0.05864  30.0645
0.05866  30.0645
0.05868  30.0645
0.0587  30.0645
0.05872  30.0645
0.05874  30.0645
0.05876  30.0645
0.05878  30.0645
0.0588  30.0645
0.05882  30.0645
0.05884  30.0645
0.05886  30.0645
0.05888  30.0645
0.0589  30.0645
0.05892  30.0645
0.05894  30.0645
0.05896  30.0645
0.05898  30.0645
0.059  30.0645
0.05902  30.0645
0.05904  30.0645
0.05906  30.0645
0.05908  30.0645
0.0591  30.0645
0.05912  30.0645
0.05914  30.0645
0.05916  30.0645
0.05918  30.0645
0.0592  30.0645
0.05922  30.0645
0.05924  30.0645
0.05926  30.0645
0.05928  30.0645
0.0593  30.0645
0.05932  30.0645
0.05934  30.0645
0.05936  30.0645
0.05938  30.0645
0.0594  30.0645
0.05942  30.0645
0.05944  30.0645
0.05946  30.0645
0.05948  30.0645
0.0595  30.0645
0.05952  30.0645
0.05954  30.0645
0.05956  30.0645
0.05958  30.0645
0.0596  30.0645
0.05962  30.0645
0.05964  30.0645
0.05966  30.0645
0.05968  30.0645
0.0597  30.0645
0.05972  30.0645
0.05974  30.0645
0.05976  30.0645
0.05978  30.0645
0.0598  30.0645
0.05982  30.0645
0.05984  30.0645
0.05986  30.0645
0.05988  30.0645
0.0599  30.0645
0.05992  30.0645
0.05994  30.0645
0.05996  30.0645
0.05998  30.0645
0.06  30.064500
0.06002  30.064500
0.06004  30.064500
0.06006  30.064500
0.06008  30.064500
0.0601  30.064500
0.06012  30.064500
0.06014  30.064500
0.06016  30.064500
0.06018  30.064500
0.0602  30.064500
0.06022  30.064500
0.06024  30.064500
0.06026  37.020120
0.06028  49.837560
0.0603  67.092600
0.06032  90.322200
0.06034  131.457000
0.06036  210.055200
0.06038  367.267800
0.0604  691.686000
0.06042  1361.292000
0.06044  2683.176000
0.06046  5035.746000
0.06048  8521.500000
0.0605  12341.640000
0.06052  14681.580000
0.06054  14034.900000
0.06056  10836.300000
0.06058  6981.960000
0.0606  3967.116000
0.06062  2126.580000
0.06064  1147.698000
0.06066  655.638000
0.06068  408.283800
0.0607  279.717600
0.06072  208.471800
0.06074  179.200200
0.06076  154.759200
0.06078  134.275800
0.0608  117.048600
0.06082  102.508800
0.06084  90.194400
0.06086  79.730400
0.06088  70.810200
0.0609  63.181200
0.06092  56.638320
0.06094  51.010200
0.06096  46.156080
0.06098  41.959080
0.061  38.322060
0.06102  35.163900
0.06104  32.416860
0.06106  30.024120
0.06108  30.064500
0.0611  30.064500
0.06112  30.064500
0.06114  30.064500
0.06116  30.064500
0.06118  30.064500
0.0612  30.064500
0.06122  30.064500
0.06124  30.064500
0.06126  30.064500
0.06128  30.064500
0.0613  30.064500
0.06132  30.064500
0.06134  30.064500
0.06136  30.064500
0.06138  30.064500
0.0614  30.064500
0.06142  30.064500
0.06144  30.064500
0.06146  30.064500
0.06148  30.064500
0.0615  30.064500
0.06152  30.064500
0.06154  30.064500
0.06156  30.064500
0.06158  30.064500
0.0616  30.064500
0.06162  30.064500
0.06164  30.064500
0.06166  30.064500
0.06168  30.064500
0.0617  30.064500
0.06172  30.064500
0.06174  30.064500
0.06176  30.064500
0.06178  30.064500
0.0618  30.064500
0.06182  30.064500
0.06184  30.064500
0.06186  30.064500
0.06188  30.064500
0.0619  30.064500
0.06192  30.064500
0.06194  30.064500
0.06196  30.064500
0.06198  30.064500
0.062  30.064500
0.06202  30.064500
0.06204  30.064500
0.06206  30.064500
0.06208  30.064500
0.0621  30.064500
0.06212  30.064500
0.06214  30.064500
0.06216  30.064500
0.06218  30.064500
0.0622  30.064500
0.06222  30.064500
0.06224  30.064500
0.06226  30.064500
0.06228  30.064500
0.0623  30.064500
0.06232  30.064500
0.06234  30.064500
0.06236  30.064500
0.06238  30.064500
0.0624  30.064500
0.06242  30.064500
0.06244  30.064500
0.06246  30.064500
0.06248  30.064500
0.0625  30.064500
0.06252  30.064500
0.06254  30.064500
0.06256  30.064500
0.06258  30.064500
0.0626  30.064500
0.06262  30.064500
0.06264  30.064500
0.06266  30.064500
0.06268  30.064500
0.0627  30.064500
0.06272  30.064500
0.06274  30.064500
0.06276  30.064500
0.06278  30.064500
0.0628  30.064500
0.06282  30.064500
0.06284  30.064500
0.06286  30.064500
0.06288  30.064500
0.0629  30.064500
0.06292  30.064500
0.06294  30.064500
0.06296  30.064500
0.06298  30.064500
0.063  30.064500
