0.00000000 30.064500
0.00002000 30.064500
0.00004000 30.064500
0.00006000 30.064500
0.00008000 30.064500
0.00010000 30.064500
0.00012000 30.064500
0.00014000 30.064500
0.00016000 30.064500
0.00018000 30.064500
0.00020000 30.064500
0.00022000 30.064500
0.00024000 30.064500
0.00026000 37.020120
0.00028000 49.837560
0.00030000 67.092600
0.00032000 90.322200
0.00034000 131.457000
0.00036000 210.055200
0.00038000 367.267800
0.00040000 691.686000
0.00042000 1361.292000
0.00044000 2683.176000
0.00046000 5035.746000
0.00048000 8521.500000
0.00050000 12341.640000
0.00052000 14681.580000
0.00054000 14034.900000
0.00056000 10836.300000
0.00058000 6981.960000
0.00060000 3967.116000
0.00062000 2126.580000
0.00064000 1147.698000
0.00066000 655.638000
0.00068000 408.283800
0.00070000 279.717600
0.00072000 208.471800
0.00074000 179.200200
0.00076000 154.759200
0.00078000 134.275800
0.00080000 117.048600
0.00082000 102.508800
0.00084000 90.194400
0.00086000 79.730400
0.00088000 70.810200
0.00090000 63.181200
0.00092000 56.638320
0.00094000 51.010200
0.00096000 46.156080
0.00098000 41.959080
0.00100000 38.322060
0.00102000 35.163900
0.00104000 32.416860
0.00106000 30.024120
0.00108000 30.064500
0.00110000 30.064500
0.00112000 30.064500
0.00114000 30.064500
0.00116000 30.064500
0.00118000 30.064500
0.00120000 30.064500
0.00122000 30.064500
0.00124000 30.064500
0.00126000 30.064500
0.00128000 30.064500
0.00130000 30.064500
0.00132000 30.064500
0.00134000 30.064500
0.00136000 30.064500
0.00138000 30.064500
0.00140000 30.064500
0.00142000 30.064500
0.00144000 30.064500
0.00146000 30.064500
0.00148000 30.064500
0.00150000 30.064500
0.00152000 30.064500
0.00154000 30.064500
0.00156000 30.064500
0.00158000 30.064500
0.00160000 30.064500
0.00162000 30.064500
0.00164000 30.064500
0.00166000 30.064500
0.00168000 30.064500
0.00170000 30.064500
0.00172000 30.064500
0.00174000 30.064500
0.00176000 30.064500
0.00178000 30.064500
0.00180000 30.064500
0.00182000 30.064500
0.00184000 30.064500
0.00186000 30.064500
0.00188000 30.064500
0.00190000 30.064500
0.00192000 30.064500
0.00194000 30.064500
0.00196000 30.064500
0.00198000 30.064500
0.00200000 30.064500
0.00202000 30.064500
0.00204000 30.064500
0.00206000 30.064500
0.00208000 30.064500
0.00210000 30.064500
0.00212000 30.064500
0.00214000 30.064500
0.00216000 30.064500
0.00218000 30.064500
0.00220000 30.064500
0.00222000 30.064500
0.00224000 30.064500
0.00226000 30.064500
0.00228000 30.064500
0.00230000 30.064500
0.00232000 30.064500
0.00234000 30.064500
0.00236000 30.064500
0.00238000 30.064500
0.00240000 30.064500
0.00242000 30.064500
0.00244000 30.064500
0.00246000 30.064500
0.00248000 30.064500
0.00250000 30.064500
0.00252000 30.064500
0.00254000 30.064500
0.00256000 30.064500
0.00258000 30.064500
0.00260000 30.064500
0.00262000 30.064500
0.00264000 30.064500
0.00266000 30.064500
0.00268000 30.064500
0.00270000 30.064500
0.00272000 30.064500
0.00274000 30.064500
0.00276000 30.064500
0.00278000 30.064500
0.00280000 30.064500
0.00282000 30.064500
0.00284000 30.064500
0.00286000 30.064500
0.00288000 30.064500
0.00290000 30.064500
0.00292000 30.064500
0.00294000 30.064500
0.00296000 30.064500
0.00298000 30.064500
0.00300000 30.064500
