0.00000000 25.053750
0.00002000 25.053750
0.00004000 25.053750
0.00006000 25.053750
0.00008000 25.053750
0.00010000 25.053750
0.00012000 25.053750
0.00014000 25.053750
0.00016000 25.053750
0.00018000 25.053750
0.00020000 25.053750
0.00022000 25.053750
0.00024000 25.053750
0.00026000 30.850100
0.00028000 41.531300
0.00030000 55.910500
0.00032000 75.268500
0.00034000 109.547500
0.00036000 175.046000
0.00038000 306.056500
0.00040000 576.405000
0.00042000 1134.410000
0.00044000 2235.980000
0.00046000 4196.455000
0.00048000 7101.250000
0.00050000 10284.700000
0.00052000 12234.650000
0.00054000 11695.750000
0.00056000 9030.250000
0.00058000 5818.300000
0.00060000 3305.930000
0.00062000 1772.150000
0.00064000 956.415000
0.00066000 546.365000
0.00068000 340.236500
0.00070000 233.098000
0.00072000 173.726500
0.00074000 149.333500
0.00076000 128.966000
0.00078000 111.896500
0.00080000 97.540500
0.00082000 85.424000
0.00084000 75.162000
0.00086000 66.442000
0.00088000 59.008500
0.00090000 52.651000
0.00092000 47.198600
0.00094000 42.508500
0.00096000 38.463400
0.00098000 34.965900
0.00100000 31.935050
0.00102000 29.303250
0.00104000 27.014050
0.00106000 25.020100
0.00108000 25.053750
0.00110000 25.053750
0.00112000 25.053750
0.00114000 25.053750
0.00116000 25.053750
0.00118000 25.053750
0.00120000 25.053750
0.00122000 25.053750
0.00124000 25.053750
0.00126000 25.053750
0.00128000 25.053750
0.00130000 25.053750
0.00132000 25.053750
0.00134000 25.053750
0.00136000 25.053750
0.00138000 25.053750
0.00140000 25.053750
0.00142000 25.053750
0.00144000 25.053750
0.00146000 25.053750
0.00148000 25.053750
0.00150000 25.053750
0.00152000 25.053750
0.00154000 25.053750
0.00156000 25.053750
0.00158000 25.053750
0.00160000 25.053750
0.00162000 25.053750
0.00164000 25.053750
0.00166000 25.053750
0.00168000 25.053750
0.00170000 25.053750
0.00172000 25.053750
0.00174000 25.053750
0.00176000 25.053750
0.00178000 25.053750
0.00180000 25.053750
0.00182000 25.053750
0.00184000 25.053750
0.00186000 25.053750
0.00188000 25.053750
0.00190000 25.053750
0.00192000 25.053750
0.00194000 25.053750
0.00196000 25.053750
0.00198000 25.053750
0.00200000 25.053750
0.00202000 25.053750
0.00204000 25.053750
0.00206000 25.053750
0.00208000 25.053750
0.00210000 25.053750
0.00212000 25.053750
0.00214000 25.053750
0.00216000 25.053750
0.00218000 25.053750
0.00220000 25.053750
0.00222000 25.053750
0.00224000 25.053750
0.00226000 25.053750
0.00228000 25.053750
0.00230000 25.053750
0.00232000 25.053750
0.00234000 25.053750
0.00236000 25.053750
0.00238000 25.053750
0.00240000 25.053750
0.00242000 25.053750
0.00244000 25.053750
0.00246000 25.053750
0.00248000 25.053750
0.00250000 25.053750
0.00252000 25.053750
0.00254000 25.053750
0.00256000 25.053750
0.00258000 25.053750
0.00260000 25.053750
0.00262000 25.053750
0.00264000 25.053750
0.00266000 25.053750
0.00268000 25.053750
0.00270000 25.053750
0.00272000 25.053750
0.00274000 25.053750
0.00276000 25.053750
0.00278000 25.053750
0.00280000 25.053750
0.00282000 25.053750
0.00284000 25.053750
0.00286000 25.053750
0.00288000 25.053750
0.00290000 25.053750
0.00292000 25.053750
0.00294000 25.053750
0.00296000 25.053750
0.00298000 25.053750
0.00300000 25.053750
