0.00000000 25.053750
0.00002000 25.053750
0.00004000 25.053750
0.00006000 25.053750
0.00008000 25.053750
0.00010000 25.053750
0.00012000 25.053750
0.00014000 25.053750
0.00016000 25.053750
0.00018000 25.053750
0.00020000 25.053750
0.00022000 25.053750
0.00024000 25.053750
0.00026000 30.850100
0.00028000 41.531300
0.00030000 55.910500
0.00032000 75.268500
0.00034000 109.547500
0.00036000 175.046000
0.00038000 306.056500
0.00040000 576.405000
0.00042000 1134.410000
0.00044000 2235.980000
0.00046000 4196.455000
0.00048000 7101.250000
0.00050000 10284.700000
0.00052000 12234.650000
0.00054000 11695.750000
0.00056000 9030.250000
0.00058000 5818.300000
0.00060000 3305.930000
0.00062000 1772.150000
0.00064000 956.415000
0.00066000 546.365000
0.00068000 340.236500
0.00070000 233.098000
0.00072000 173.726500
0.00074000 149.333500
0.00076000 128.966000
0.00078000 111.896500
0.00080000 97.540500
0.00082000 85.424000
0.00084000 75.162000
0.00086000 66.442000
0.00088000 59.008500
0.00090000 52.651000
0.00092000 47.198600
0.00094000 42.508500
0.00096000 38.463400
0.00098000 34.965900
0.00100000 31.935050
0.00102000 29.303250
0.00104000 27.014050
0.00106000 25.020100
0.00108000 25.053750
0.00110000 25.053750
0.00112000 25.053750
0.00114000 25.053750
0.00116000 25.053750
0.00118000 25.053750
0.00120000 25.053750
0.00122000 25.053750
0.00124000 25.053750
0.00126000 25.053750
0.00128000 25.053750
0.00130000 25.053750
0.00132000 25.053750
0.00134000 25.053750
0.00136000 25.053750
0.00138000 25.053750
0.00140000 25.053750
0.00142000 25.053750
0.00144000 25.053750
0.00146000 25.053750
0.00148000 25.053750
0.00150000 25.053750
0.00152000 25.053750
0.00154000 25.053750
0.00156000 25.053750
0.00158000 25.053750
0.00160000 25.053750
0.00162000 25.053750
0.00164000 25.053750
0.00166000 25.053750
0.00168000 25.053750
0.00170000 25.053750
0.00172000 25.053750
0.00174000 25.053750
0.00176000 25.053750
0.00178000 25.053750
0.00180000 25.053750
0.00182000 25.053750
0.00184000 25.053750
0.00186000 25.053750
0.00188000 25.053750
0.00190000 25.053750
0.00192000 25.053750
0.00194000 25.053750
0.00196000 25.053750
0.00198000 25.053750
0.00200000 25.053750
0.00202000 25.053750
0.00204000 25.053750
0.00206000 25.053750
0.00208000 25.053750
0.00210000 25.053750
0.00212000 25.053750
0.00214000 25.053750
0.00216000 25.053750
0.00218000 25.053750
0.00220000 25.053750
0.00222000 25.053750
0.00224000 25.053750
0.00226000 25.053750
0.00228000 25.053750
0.00230000 25.053750
0.00232000 25.053750
0.00234000 25.053750
0.00236000 25.053750
0.00238000 25.053750
0.00240000 25.053750
0.00242000 25.053750
0.00244000 25.053750
0.00246000 25.053750
0.00248000 25.053750
0.00250000 25.053750
0.00252000 25.053750
0.00254000 25.053750
0.00256000 25.053750
0.00258000 25.053750
0.00260000 25.053750
0.00262000 25.053750
0.00264000 25.053750
0.00266000 25.053750
0.00268000 25.053750
0.00270000 25.053750
0.00272000 25.053750
0.00274000 25.053750
0.00276000 25.053750
0.00278000 25.053750
0.00280000 25.053750
0.00282000 25.053750
0.00284000 25.053750
0.00286000 25.053750
0.00288000 25.053750
0.00290000 25.053750
0.00292000 25.053750
0.00294000 25.053750
0.00296000 25.053750
0.00298000 25.053750
0.00300000 25.053750
0.00302  25.05375
0.00304  25.05375
0.00306  25.05375
0.00308  25.05375
0.0031  25.05375
0.00312  25.05375
0.00314  25.05375
0.00316  25.05375
0.00318  25.05375
0.0032  25.05375
0.00322  25.05375
0.00324  25.05375
0.00326  25.05375
0.00328  25.05375
0.0033  25.05375
0.00332  25.05375
0.00334  25.05375
0.00336  25.05375
0.00338  25.05375
0.0034  25.05375
0.00342  25.05375
0.00344  25.05375
0.00346  25.05375
0.00348  25.05375
0.0035  25.05375
0.00352  25.05375
0.00354  25.05375
0.00356  25.05375
0.00358  25.05375
0.0036  25.05375
0.00362  25.05375
0.00364  25.05375
0.00366  25.05375
0.00368  25.05375
0.0037  25.05375
0.00372  25.05375
0.00374  25.05375
0.00376  25.05375
0.00378  25.05375
0.0038  25.05375
0.00382  25.05375
0.00384  25.05375
0.00386  25.05375
0.00388  25.05375
0.0039  25.05375
0.00392  25.05375
0.00394  25.05375
0.00396  25.05375
0.00398  25.05375
0.004  25.05375
0.00402  25.05375
0.00404  25.05375
0.00406  25.05375
0.00408  25.05375
0.0041  25.05375
0.00412  25.05375
0.00414  25.05375
0.00416  25.05375
0.00418  25.05375
0.0042  25.05375
0.00422  25.05375
0.00424  25.05375
0.00426  25.05375
0.00428  25.05375
0.0043  25.05375
0.00432  25.05375
0.00434  25.05375
0.00436  25.05375
0.00438  25.05375
0.0044  25.05375
0.00442  25.05375
0.00444  25.05375
0.00446  25.05375
0.00448  25.05375
0.0045  25.05375
0.00452  25.05375
0.00454  25.05375
0.00456  25.05375
0.00458  25.05375
0.0046  25.05375
0.00462  25.05375
0.00464  25.05375
0.00466  25.05375
0.00468  25.05375
0.0047  25.05375
0.00472  25.05375
0.00474  25.05375
0.00476  25.05375
0.00478  25.05375
0.0048  25.05375
0.00482  25.05375
0.00484  25.05375
0.00486  25.05375
0.00488  25.05375
0.0049  25.05375
0.00492  25.05375
0.00494  25.05375
0.00496  25.05375
0.00498  25.05375
0.005  25.05375
0.00502  25.05375
0.00504  25.05375
0.00506  25.05375
0.00508  25.05375
0.0051  25.05375
0.00512  25.05375
0.00514  25.05375
0.00516  25.05375
0.00518  25.05375
0.0052  25.05375
0.00522  25.05375
0.00524  25.05375
0.00526  25.05375
0.00528  25.05375
0.0053  25.05375
0.00532  25.05375
0.00534  25.05375
0.00536  25.05375
0.00538  25.05375
0.0054  25.05375
0.00542  25.05375
0.00544  25.05375
0.00546  25.05375
0.00548  25.05375
0.0055  25.05375
0.00552  25.05375
0.00554  25.05375
0.00556  25.05375
0.00558  25.05375
0.0056  25.05375
0.00562  25.05375
0.00564  25.05375
0.00566  25.05375
0.00568  25.05375
0.0057  25.05375
0.00572  25.05375
0.00574  25.05375
0.00576  25.05375
0.00578  25.05375
0.0058  25.05375
0.00582  25.05375
0.00584  25.05375
0.00586  25.05375
0.00588  25.05375
0.0059  25.05375
0.00592  25.05375
0.00594  25.05375
0.00596  25.05375
0.00598  25.05375
0.006  25.05375
0.00602  25.05375
0.00604  25.05375
0.00606  25.05375
0.00608  25.05375
0.0061  25.05375
0.00612  25.05375
0.00614  25.05375
0.00616  25.05375
0.00618  25.05375
0.0062  25.05375
0.00622  25.05375
0.00624  25.05375
0.00626  25.05375
0.00628  25.05375
0.0063  25.05375
0.00632  25.05375
0.00634  25.05375
0.00636  25.05375
0.00638  25.05375
0.0064  25.05375
0.00642  25.05375
0.00644  25.05375
0.00646  25.05375
0.00648  25.05375
0.0065  25.05375
0.00652  25.05375
0.00654  25.05375
0.00656  25.05375
0.00658  25.05375
0.0066  25.05375
0.00662  25.05375
0.00664  25.05375
0.00666  25.05375
0.00668  25.05375
0.0067  25.05375
0.00672  25.05375
0.00674  25.05375
0.00676  25.05375
0.00678  25.05375
0.0068  25.05375
0.00682  25.05375
0.00684  25.05375
0.00686  25.05375
0.00688  25.05375
0.0069  25.05375
0.00692  25.05375
0.00694  25.05375
0.00696  25.05375
0.00698  25.05375
0.007  25.05375
0.00702  25.05375
0.00704  25.05375
0.00706  25.05375
0.00708  25.05375
0.0071  25.05375
0.00712  25.05375
0.00714  25.05375
0.00716  25.05375
0.00718  25.05375
0.0072  25.05375
0.00722  25.05375
0.00724  25.05375
0.00726  25.05375
0.00728  25.05375
0.0073  25.05375
0.00732  25.05375
0.00734  25.05375
0.00736  25.05375
0.00738  25.05375
0.0074  25.05375
0.00742  25.05375
0.00744  25.05375
0.00746  25.05375
0.00748  25.05375
0.0075  25.05375
0.00752  25.05375
0.00754  25.05375
0.00756  25.05375
0.00758  25.05375
0.0076  25.05375
0.00762  25.05375
0.00764  25.05375
0.00766  25.05375
0.00768  25.05375
0.0077  25.05375
0.00772  25.05375
0.00774  25.05375
0.00776  25.05375
0.00778  25.05375
0.0078  25.05375
0.00782  25.05375
0.00784  25.05375
0.00786  25.05375
0.00788  25.05375
0.0079  25.05375
0.00792  25.05375
0.00794  25.05375
0.00796  25.05375
0.00798  25.05375
0.008  25.05375
0.00802  25.05375
0.00804  25.05375
0.00806  25.05375
0.00808  25.05375
0.0081  25.05375
0.00812  25.05375
0.00814  25.05375
0.00816  25.05375
0.00818  25.05375
0.0082  25.05375
0.00822  25.05375
0.00824  25.05375
0.00826  25.05375
0.00828  25.05375
0.0083  25.05375
0.00832  25.05375
0.00834  25.05375
0.00836  25.05375
0.00838  25.05375
0.0084  25.05375
0.00842  25.05375
0.00844  25.05375
0.00846  25.05375
0.00848  25.05375
0.0085  25.05375
0.00852  25.05375
0.00854  25.05375
0.00856  25.05375
0.00858  25.05375
0.0086  25.05375
0.00862  25.05375
0.00864  25.05375
0.00866  25.05375
0.00868  25.05375
0.0087  25.05375
0.00872  25.05375
0.00874  25.05375
0.00876  25.05375
0.00878  25.05375
0.0088  25.05375
0.00882  25.05375
0.00884  25.05375
0.00886  25.05375
0.00888  25.05375
0.0089  25.05375
0.00892  25.05375
0.00894  25.05375
0.00896  25.05375
0.00898  25.05375
0.009  25.05375
0.00902  25.05375
0.00904  25.05375
0.00906  25.05375
0.00908  25.05375
0.0091  25.05375
0.00912  25.05375
0.00914  25.05375
0.00916  25.05375
0.00918  25.05375
0.0092  25.05375
0.00922  25.05375
0.00924  25.05375
0.00926  25.05375
0.00928  25.05375
0.0093  25.05375
0.00932  25.05375
0.00934  25.05375
0.00936  25.05375
0.00938  25.05375
0.0094  25.05375
0.00942  25.05375
0.00944  25.05375
0.00946  25.05375
0.00948  25.05375
0.0095  25.05375
0.00952  25.05375
0.00954  25.05375
0.00956  25.05375
0.00958  25.05375
0.0096  25.05375
0.00962  25.05375
0.00964  25.05375
0.00966  25.05375
0.00968  25.05375
0.0097  25.05375
0.00972  25.05375
0.00974  25.05375
0.00976  25.05375
0.00978  25.05375
0.0098  25.05375
0.00982  25.05375
0.00984  25.05375
0.00986  25.05375
0.00988  25.05375
0.0099  25.05375
0.00992  25.05375
0.00994  25.05375
0.00996  25.05375
0.00998  25.05375
0.01  25.05375
0.01002  25.05375
0.01004  25.05375
0.01006  25.05375
0.01008  25.05375
0.0101  25.05375
0.01012  25.05375
0.01014  25.05375
0.01016  25.05375
0.01018  25.05375
0.0102  25.05375
0.01022  25.05375
0.01024  25.05375
0.01026  25.05375
0.01028  25.05375
0.0103  25.05375
0.01032  25.05375
0.01034  25.05375
0.01036  25.05375
0.01038  25.05375
0.0104  25.05375
0.01042  25.05375
0.01044  25.05375
0.01046  25.05375
0.01048  25.05375
0.0105  25.05375
0.01052  25.05375
0.01054  25.05375
0.01056  25.05375
0.01058  25.05375
0.0106  25.05375
0.01062  25.05375
0.01064  25.05375
0.01066  25.05375
0.01068  25.05375
0.0107  25.05375
0.01072  25.05375
0.01074  25.05375
0.01076  25.05375
0.01078  25.05375
0.0108  25.05375
0.01082  25.05375
0.01084  25.05375
0.01086  25.05375
0.01088  25.05375
0.0109  25.05375
0.01092  25.05375
0.01094  25.05375
0.01096  25.05375
0.01098  25.05375
0.011  25.05375
0.01102  25.05375
0.01104  25.05375
0.01106  25.05375
0.01108  25.05375
0.0111  25.05375
0.01112  25.05375
0.01114  25.05375
0.01116  25.05375
0.01118  25.05375
0.0112  25.05375
0.01122  25.05375
0.01124  25.05375
0.01126  25.05375
0.01128  25.05375
0.0113  25.05375
0.01132  25.05375
0.01134  25.05375
0.01136  25.05375
0.01138  25.05375
0.0114  25.05375
0.01142  25.05375
0.01144  25.05375
0.01146  25.05375
0.01148  25.05375
0.0115  25.05375
0.01152  25.05375
0.01154  25.05375
0.01156  25.05375
0.01158  25.05375
0.0116  25.05375
0.01162  25.05375
0.01164  25.05375
0.01166  25.05375
0.01168  25.05375
0.0117  25.05375
0.01172  25.05375
0.01174  25.05375
0.01176  25.05375
0.01178  25.05375
0.0118  25.05375
0.01182  25.05375
0.01184  25.05375
0.01186  25.05375
0.01188  25.05375
0.0119  25.05375
0.01192  25.05375
0.01194  25.05375
0.01196  25.05375
0.01198  25.05375
0.012  25.05375
0.01202  25.05375
0.01204  25.05375
0.01206  25.05375
0.01208  25.05375
0.0121  25.05375
0.01212  25.05375
0.01214  25.05375
0.01216  25.05375
0.01218  25.05375
0.0122  25.05375
0.01222  25.05375
0.01224  25.05375
0.01226  25.05375
0.01228  25.05375
0.0123  25.05375
0.01232  25.05375
0.01234  25.05375
0.01236  25.05375
0.01238  25.05375
0.0124  25.05375
0.01242  25.05375
0.01244  25.05375
0.01246  25.05375
0.01248  25.05375
0.0125  25.05375
0.01252  25.05375
0.01254  25.05375
0.01256  25.05375
0.01258  25.05375
0.0126  25.05375
0.01262  25.05375
0.01264  25.05375
0.01266  25.05375
0.01268  25.05375
0.0127  25.05375
0.01272  25.05375
0.01274  25.05375
0.01276  25.05375
0.01278  25.05375
0.0128  25.05375
0.01282  25.05375
0.01284  25.05375
0.01286  25.05375
0.01288  25.05375
0.0129  25.05375
0.01292  25.05375
0.01294  25.05375
0.01296  25.05375
0.01298  25.05375
0.013  25.05375
0.01302  25.05375
0.01304  25.05375
0.01306  25.05375
0.01308  25.05375
0.0131  25.05375
0.01312  25.05375
0.01314  25.05375
0.01316  25.05375
0.01318  25.05375
0.0132  25.05375
0.01322  25.05375
0.01324  25.05375
0.01326  25.05375
0.01328  25.05375
0.0133  25.05375
0.01332  25.05375
0.01334  25.05375
0.01336  25.05375
0.01338  25.05375
0.0134  25.05375
0.01342  25.05375
0.01344  25.05375
0.01346  25.05375
0.01348  25.05375
0.0135  25.05375
0.01352  25.05375
0.01354  25.05375
0.01356  25.05375
0.01358  25.05375
0.0136  25.05375
0.01362  25.05375
0.01364  25.05375
0.01366  25.05375
0.01368  25.05375
0.0137  25.05375
0.01372  25.05375
0.01374  25.05375
0.01376  25.05375
0.01378  25.05375
0.0138  25.05375
0.01382  25.05375
0.01384  25.05375
0.01386  25.05375
0.01388  25.05375
0.0139  25.05375
0.01392  25.05375
0.01394  25.05375
0.01396  25.05375
0.01398  25.05375
0.014  25.05375
0.01402  25.05375
0.01404  25.05375
0.01406  25.05375
0.01408  25.05375
0.0141  25.05375
0.01412  25.05375
0.01414  25.05375
0.01416  25.05375
0.01418  25.05375
0.0142  25.05375
0.01422  25.05375
0.01424  25.05375
0.01426  25.05375
0.01428  25.05375
0.0143  25.05375
0.01432  25.05375
0.01434  25.05375
0.01436  25.05375
0.01438  25.05375
0.0144  25.05375
0.01442  25.05375
0.01444  25.05375
0.01446  25.05375
0.01448  25.05375
0.0145  25.05375
0.01452  25.05375
0.01454  25.05375
0.01456  25.05375
0.01458  25.05375
0.0146  25.05375
0.01462  25.05375
0.01464  25.05375
0.01466  25.05375
0.01468  25.05375
0.0147  25.05375
0.01472  25.05375
0.01474  25.05375
0.01476  25.05375
0.01478  25.05375
0.0148  25.05375
0.01482  25.05375
0.01484  25.05375
0.01486  25.05375
0.01488  25.05375
0.0149  25.05375
0.01492  25.05375
0.01494  25.05375
0.01496  25.05375
0.01498  25.05375
0.015  25.05375
0.01502  25.05375
0.01504  25.05375
0.01506  25.05375
0.01508  25.05375
0.0151  25.05375
0.01512  25.05375
0.01514  25.05375
0.01516  25.05375
0.01518  25.05375
0.0152  25.05375
0.01522  25.05375
0.01524  25.05375
0.01526  25.05375
0.01528  25.05375
0.0153  25.05375
0.01532  25.05375
0.01534  25.05375
0.01536  25.05375
0.01538  25.05375
0.0154  25.05375
0.01542  25.05375
0.01544  25.05375
0.01546  25.05375
0.01548  25.05375
0.0155  25.05375
0.01552  25.05375
0.01554  25.05375
0.01556  25.05375
0.01558  25.05375
0.0156  25.05375
0.01562  25.05375
0.01564  25.05375
0.01566  25.05375
0.01568  25.05375
0.0157  25.05375
0.01572  25.05375
0.01574  25.05375
0.01576  25.05375
0.01578  25.05375
0.0158  25.05375
0.01582  25.05375
0.01584  25.05375
0.01586  25.05375
0.01588  25.05375
0.0159  25.05375
0.01592  25.05375
0.01594  25.05375
0.01596  25.05375
0.01598  25.05375
0.016  25.05375
0.01602  25.05375
0.01604  25.05375
0.01606  25.05375
0.01608  25.05375
0.0161  25.05375
0.01612  25.05375
0.01614  25.05375
0.01616  25.05375
0.01618  25.05375
0.0162  25.05375
0.01622  25.05375
0.01624  25.05375
0.01626  25.05375
0.01628  25.05375
0.0163  25.05375
0.01632  25.05375
0.01634  25.05375
0.01636  25.05375
0.01638  25.05375
0.0164  25.05375
0.01642  25.05375
0.01644  25.05375
0.01646  25.05375
0.01648  25.05375
0.0165  25.05375
0.01652  25.05375
0.01654  25.05375
0.01656  25.05375
0.01658  25.05375
0.0166  25.05375
0.01662  25.05375
0.01664  25.05375
0.01666  25.05375
0.01668  25.05375
0.0167  25.05375
0.01672  25.05375
0.01674  25.05375
0.01676  25.05375
0.01678  25.05375
0.0168  25.05375
0.01682  25.05375
0.01684  25.05375
0.01686  25.05375
0.01688  25.05375
0.0169  25.05375
0.01692  25.05375
0.01694  25.05375
0.01696  25.05375
0.01698  25.05375
0.017  25.05375
0.01702  25.05375
0.01704  25.05375
0.01706  25.05375
0.01708  25.05375
0.0171  25.05375
0.01712  25.05375
0.01714  25.05375
0.01716  25.05375
0.01718  25.05375
0.0172  25.05375
0.01722  25.05375
0.01724  25.05375
0.01726  25.05375
0.01728  25.05375
0.0173  25.05375
0.01732  25.05375
0.01734  25.05375
0.01736  25.05375
0.01738  25.05375
0.0174  25.05375
0.01742  25.05375
0.01744  25.05375
0.01746  25.05375
0.01748  25.05375
0.0175  25.05375
0.01752  25.05375
0.01754  25.05375
0.01756  25.05375
0.01758  25.05375
0.0176  25.05375
0.01762  25.05375
0.01764  25.05375
0.01766  25.05375
0.01768  25.05375
0.0177  25.05375
0.01772  25.05375
0.01774  25.05375
0.01776  25.05375
0.01778  25.05375
0.0178  25.05375
0.01782  25.05375
0.01784  25.05375
0.01786  25.05375
0.01788  25.05375
0.0179  25.05375
0.01792  25.05375
0.01794  25.05375
0.01796  25.05375
0.01798  25.05375
0.018  25.05375
0.01802  25.05375
0.01804  25.05375
0.01806  25.05375
0.01808  25.05375
0.0181  25.05375
0.01812  25.05375
0.01814  25.05375
0.01816  25.05375
0.01818  25.05375
0.0182  25.05375
0.01822  25.05375
0.01824  25.05375
0.01826  25.05375
0.01828  25.05375
0.0183  25.05375
0.01832  25.05375
0.01834  25.05375
0.01836  25.05375
0.01838  25.05375
0.0184  25.05375
0.01842  25.05375
0.01844  25.05375
0.01846  25.05375
0.01848  25.05375
0.0185  25.05375
0.01852  25.05375
0.01854  25.05375
0.01856  25.05375
0.01858  25.05375
0.0186  25.05375
0.01862  25.05375
0.01864  25.05375
0.01866  25.05375
0.01868  25.05375
0.0187  25.05375
0.01872  25.05375
0.01874  25.05375
0.01876  25.05375
0.01878  25.05375
0.0188  25.05375
0.01882  25.05375
0.01884  25.05375
0.01886  25.05375
0.01888  25.05375
0.0189  25.05375
0.01892  25.05375
0.01894  25.05375
0.01896  25.05375
0.01898  25.05375
0.019  25.05375
0.01902  25.05375
0.01904  25.05375
0.01906  25.05375
0.01908  25.05375
0.0191  25.05375
0.01912  25.05375
0.01914  25.05375
0.01916  25.05375
0.01918  25.05375
0.0192  25.05375
0.01922  25.05375
0.01924  25.05375
0.01926  25.05375
0.01928  25.05375
0.0193  25.05375
0.01932  25.05375
0.01934  25.05375
0.01936  25.05375
0.01938  25.05375
0.0194  25.05375
0.01942  25.05375
0.01944  25.05375
0.01946  25.05375
0.01948  25.05375
0.0195  25.05375
0.01952  25.05375
0.01954  25.05375
0.01956  25.05375
0.01958  25.05375
0.0196  25.05375
0.01962  25.05375
0.01964  25.05375
0.01966  25.05375
0.01968  25.05375
0.0197  25.05375
0.01972  25.05375
0.01974  25.05375
0.01976  25.05375
0.01978  25.05375
0.0198  25.05375
0.01982  25.05375
0.01984  25.05375
0.01986  25.05375
0.01988  25.05375
0.0199  25.05375
0.01992  25.05375
0.01994  25.05375
0.01996  25.05375
0.01998  25.05375
0.02  25.053750
0.02002  25.053750
0.02004  25.053750
0.02006  25.053750
0.02008  25.053750
0.0201  25.053750
0.02012  25.053750
0.02014  25.053750
0.02016  25.053750
0.02018  25.053750
0.0202  25.053750
0.02022  25.053750
0.02024  25.053750
0.02026  30.850100
0.02028  41.531300
0.0203  55.910500
0.02032  75.268500
0.02034  109.547500
0.02036  175.046000
0.02038  306.056500
0.0204  576.405000
0.02042  1134.410000
0.02044  2235.980000
0.02046  4196.455000
0.02048  7101.250000
0.0205  10284.700000
0.02052  12234.650000
0.02054  11695.750000
0.02056  9030.250000
0.02058  5818.300000
0.0206  3305.930000
0.02062  1772.150000
0.02064  956.415000
0.02066  546.365000
0.02068  340.236500
0.0207  233.098000
0.02072  173.726500
0.02074  149.333500
0.02076  128.966000
0.02078  111.896500
0.0208  97.540500
0.02082  85.424000
0.02084  75.162000
0.02086  66.442000
0.02088  59.008500
0.0209  52.651000
0.02092  47.198600
0.02094  42.508500
0.02096  38.463400
0.02098  34.965900
0.021  31.935050
0.02102  29.303250
0.02104  27.014050
0.02106  25.020100
0.02108  25.053750
0.0211  25.053750
0.02112  25.053750
0.02114  25.053750
0.02116  25.053750
0.02118  25.053750
0.0212  25.053750
0.02122  25.053750
0.02124  25.053750
0.02126  25.053750
0.02128  25.053750
0.0213  25.053750
0.02132  25.053750
0.02134  25.053750
0.02136  25.053750
0.02138  25.053750
0.0214  25.053750
0.02142  25.053750
0.02144  25.053750
0.02146  25.053750
0.02148  25.053750
0.0215  25.053750
0.02152  25.053750
0.02154  25.053750
0.02156  25.053750
0.02158  25.053750
0.0216  25.053750
0.02162  25.053750
0.02164  25.053750
0.02166  25.053750
0.02168  25.053750
0.0217  25.053750
0.02172  25.053750
0.02174  25.053750
0.02176  25.053750
0.02178  25.053750
0.0218  25.053750
0.02182  25.053750
0.02184  25.053750
0.02186  25.053750
0.02188  25.053750
0.0219  25.053750
0.02192  25.053750
0.02194  25.053750
0.02196  25.053750
0.02198  25.053750
0.022  25.053750
0.02202  25.053750
0.02204  25.053750
0.02206  25.053750
0.02208  25.053750
0.0221  25.053750
0.02212  25.053750
0.02214  25.053750
0.02216  25.053750
0.02218  25.053750
0.0222  25.053750
0.02222  25.053750
0.02224  25.053750
0.02226  25.053750
0.02228  25.053750
0.0223  25.053750
0.02232  25.053750
0.02234  25.053750
0.02236  25.053750
0.02238  25.053750
0.0224  25.053750
0.02242  25.053750
0.02244  25.053750
0.02246  25.053750
0.02248  25.053750
0.0225  25.053750
0.02252  25.053750
0.02254  25.053750
0.02256  25.053750
0.02258  25.053750
0.0226  25.053750
0.02262  25.053750
0.02264  25.053750
0.02266  25.053750
0.02268  25.053750
0.0227  25.053750
0.02272  25.053750
0.02274  25.053750
0.02276  25.053750
0.02278  25.053750
0.0228  25.053750
0.02282  25.053750
0.02284  25.053750
0.02286  25.053750
0.02288  25.053750
0.0229  25.053750
0.02292  25.053750
0.02294  25.053750
0.02296  25.053750
0.02298  25.053750
0.023  25.053750
0.02302  25.05375
0.02304  25.05375
0.02306  25.05375
0.02308  25.05375
0.0231  25.05375
0.02312  25.05375
0.02314  25.05375
0.02316  25.05375
0.02318  25.05375
0.0232  25.05375
0.02322  25.05375
0.02324  25.05375
0.02326  25.05375
0.02328  25.05375
0.0233  25.05375
0.02332  25.05375
0.02334  25.05375
0.02336  25.05375
0.02338  25.05375
0.0234  25.05375
0.02342  25.05375
0.02344  25.05375
0.02346  25.05375
0.02348  25.05375
0.0235  25.05375
0.02352  25.05375
0.02354  25.05375
0.02356  25.05375
0.02358  25.05375
0.0236  25.05375
0.02362  25.05375
0.02364  25.05375
0.02366  25.05375
0.02368  25.05375
0.0237  25.05375
0.02372  25.05375
0.02374  25.05375
0.02376  25.05375
0.02378  25.05375
0.0238  25.05375
0.02382  25.05375
0.02384  25.05375
0.02386  25.05375
0.02388  25.05375
0.0239  25.05375
0.02392  25.05375
0.02394  25.05375
0.02396  25.05375
0.02398  25.05375
0.024  25.05375
0.02402  25.05375
0.02404  25.05375
0.02406  25.05375
0.02408  25.05375
0.0241  25.05375
0.02412  25.05375
0.02414  25.05375
0.02416  25.05375
0.02418  25.05375
0.0242  25.05375
0.02422  25.05375
0.02424  25.05375
0.02426  25.05375
0.02428  25.05375
0.0243  25.05375
0.02432  25.05375
0.02434  25.05375
0.02436  25.05375
0.02438  25.05375
0.0244  25.05375
0.02442  25.05375
0.02444  25.05375
0.02446  25.05375
0.02448  25.05375
0.0245  25.05375
0.02452  25.05375
0.02454  25.05375
0.02456  25.05375
0.02458  25.05375
0.0246  25.05375
0.02462  25.05375
0.02464  25.05375
0.02466  25.05375
0.02468  25.05375
0.0247  25.05375
0.02472  25.05375
0.02474  25.05375
0.02476  25.05375
0.02478  25.05375
0.0248  25.05375
0.02482  25.05375
0.02484  25.05375
0.02486  25.05375
0.02488  25.05375
0.0249  25.05375
0.02492  25.05375
0.02494  25.05375
0.02496  25.05375
0.02498  25.05375
0.025  25.05375
0.02502  25.05375
0.02504  25.05375
0.02506  25.05375
0.02508  25.05375
0.0251  25.05375
0.02512  25.05375
0.02514  25.05375
0.02516  25.05375
0.02518  25.05375
0.0252  25.05375
0.02522  25.05375
0.02524  25.05375
0.02526  25.05375
0.02528  25.05375
0.0253  25.05375
0.02532  25.05375
0.02534  25.05375
0.02536  25.05375
0.02538  25.05375
0.0254  25.05375
0.02542  25.05375
0.02544  25.05375
0.02546  25.05375
0.02548  25.05375
0.0255  25.05375
0.02552  25.05375
0.02554  25.05375
0.02556  25.05375
0.02558  25.05375
0.0256  25.05375
0.02562  25.05375
0.02564  25.05375
0.02566  25.05375
0.02568  25.05375
0.0257  25.05375
0.02572  25.05375
0.02574  25.05375
0.02576  25.05375
0.02578  25.05375
0.0258  25.05375
0.02582  25.05375
0.02584  25.05375
0.02586  25.05375
0.02588  25.05375
0.0259  25.05375
0.02592  25.05375
0.02594  25.05375
0.02596  25.05375
0.02598  25.05375
0.026  25.05375
0.02602  25.05375
0.02604  25.05375
0.02606  25.05375
0.02608  25.05375
0.0261  25.05375
0.02612  25.05375
0.02614  25.05375
0.02616  25.05375
0.02618  25.05375
0.0262  25.05375
0.02622  25.05375
0.02624  25.05375
0.02626  25.05375
0.02628  25.05375
0.0263  25.05375
0.02632  25.05375
0.02634  25.05375
0.02636  25.05375
0.02638  25.05375
0.0264  25.05375
0.02642  25.05375
0.02644  25.05375
0.02646  25.05375
0.02648  25.05375
0.0265  25.05375
0.02652  25.05375
0.02654  25.05375
0.02656  25.05375
0.02658  25.05375
0.0266  25.05375
0.02662  25.05375
0.02664  25.05375
0.02666  25.05375
0.02668  25.05375
0.0267  25.05375
0.02672  25.05375
0.02674  25.05375
0.02676  25.05375
0.02678  25.05375
0.0268  25.05375
0.02682  25.05375
0.02684  25.05375
0.02686  25.05375
0.02688  25.05375
0.0269  25.05375
0.02692  25.05375
0.02694  25.05375
0.02696  25.05375
0.02698  25.05375
0.027  25.05375
0.02702  25.05375
0.02704  25.05375
0.02706  25.05375
0.02708  25.05375
0.0271  25.05375
0.02712  25.05375
0.02714  25.05375
0.02716  25.05375
0.02718  25.05375
0.0272  25.05375
0.02722  25.05375
0.02724  25.05375
0.02726  25.05375
0.02728  25.05375
0.0273  25.05375
0.02732  25.05375
0.02734  25.05375
0.02736  25.05375
0.02738  25.05375
0.0274  25.05375
0.02742  25.05375
0.02744  25.05375
0.02746  25.05375
0.02748  25.05375
0.0275  25.05375
0.02752  25.05375
0.02754  25.05375
0.02756  25.05375
0.02758  25.05375
0.0276  25.05375
0.02762  25.05375
0.02764  25.05375
0.02766  25.05375
0.02768  25.05375
0.0277  25.05375
0.02772  25.05375
0.02774  25.05375
0.02776  25.05375
0.02778  25.05375
0.0278  25.05375
0.02782  25.05375
0.02784  25.05375
0.02786  25.05375
0.02788  25.05375
0.0279  25.05375
0.02792  25.05375
0.02794  25.05375
0.02796  25.05375
0.02798  25.05375
0.028  25.05375
0.02802  25.05375
0.02804  25.05375
0.02806  25.05375
0.02808  25.05375
0.0281  25.05375
0.02812  25.05375
0.02814  25.05375
0.02816  25.05375
0.02818  25.05375
0.0282  25.05375
0.02822  25.05375
0.02824  25.05375
0.02826  25.05375
0.02828  25.05375
0.0283  25.05375
0.02832  25.05375
0.02834  25.05375
0.02836  25.05375
0.02838  25.05375
0.0284  25.05375
0.02842  25.05375
0.02844  25.05375
0.02846  25.05375
0.02848  25.05375
0.0285  25.05375
0.02852  25.05375
0.02854  25.05375
0.02856  25.05375
0.02858  25.05375
0.0286  25.05375
0.02862  25.05375
0.02864  25.05375
0.02866  25.05375
0.02868  25.05375
0.0287  25.05375
0.02872  25.05375
0.02874  25.05375
0.02876  25.05375
0.02878  25.05375
0.0288  25.05375
0.02882  25.05375
0.02884  25.05375
0.02886  25.05375
0.02888  25.05375
0.0289  25.05375
0.02892  25.05375
0.02894  25.05375
0.02896  25.05375
0.02898  25.05375
0.029  25.05375
0.02902  25.05375
0.02904  25.05375
0.02906  25.05375
0.02908  25.05375
0.0291  25.05375
0.02912  25.05375
0.02914  25.05375
0.02916  25.05375
0.02918  25.05375
0.0292  25.05375
0.02922  25.05375
0.02924  25.05375
0.02926  25.05375
0.02928  25.05375
0.0293  25.05375
0.02932  25.05375
0.02934  25.05375
0.02936  25.05375
0.02938  25.05375
0.0294  25.05375
0.02942  25.05375
0.02944  25.05375
0.02946  25.05375
0.02948  25.05375
0.0295  25.05375
0.02952  25.05375
0.02954  25.05375
0.02956  25.05375
0.02958  25.05375
0.0296  25.05375
0.02962  25.05375
0.02964  25.05375
0.02966  25.05375
0.02968  25.05375
0.0297  25.05375
0.02972  25.05375
0.02974  25.05375
0.02976  25.05375
0.02978  25.05375
0.0298  25.05375
0.02982  25.05375
0.02984  25.05375
0.02986  25.05375
0.02988  25.05375
0.0299  25.05375
0.02992  25.05375
0.02994  25.05375
0.02996  25.05375
0.02998  25.05375
0.03  25.05375
0.03002  25.05375
0.03004  25.05375
0.03006  25.05375
0.03008  25.05375
0.0301  25.05375
0.03012  25.05375
0.03014  25.05375
0.03016  25.05375
0.03018  25.05375
0.0302  25.05375
0.03022  25.05375
0.03024  25.05375
0.03026  25.05375
0.03028  25.05375
0.0303  25.05375
0.03032  25.05375
0.03034  25.05375
0.03036  25.05375
0.03038  25.05375
0.0304  25.05375
0.03042  25.05375
0.03044  25.05375
0.03046  25.05375
0.03048  25.05375
0.0305  25.05375
0.03052  25.05375
0.03054  25.05375
0.03056  25.05375
0.03058  25.05375
0.0306  25.05375
0.03062  25.05375
0.03064  25.05375
0.03066  25.05375
0.03068  25.05375
0.0307  25.05375
0.03072  25.05375
0.03074  25.05375
0.03076  25.05375
0.03078  25.05375
0.0308  25.05375
0.03082  25.05375
0.03084  25.05375
0.03086  25.05375
0.03088  25.05375
0.0309  25.05375
0.03092  25.05375
0.03094  25.05375
0.03096  25.05375
0.03098  25.05375
0.031  25.05375
0.03102  25.05375
0.03104  25.05375
0.03106  25.05375
0.03108  25.05375
0.0311  25.05375
0.03112  25.05375
0.03114  25.05375
0.03116  25.05375
0.03118  25.05375
0.0312  25.05375
0.03122  25.05375
0.03124  25.05375
0.03126  25.05375
0.03128  25.05375
0.0313  25.05375
0.03132  25.05375
0.03134  25.05375
0.03136  25.05375
0.03138  25.05375
0.0314  25.05375
0.03142  25.05375
0.03144  25.05375
0.03146  25.05375
0.03148  25.05375
0.0315  25.05375
0.03152  25.05375
0.03154  25.05375
0.03156  25.05375
0.03158  25.05375
0.0316  25.05375
0.03162  25.05375
0.03164  25.05375
0.03166  25.05375
0.03168  25.05375
0.0317  25.05375
0.03172  25.05375
0.03174  25.05375
0.03176  25.05375
0.03178  25.05375
0.0318  25.05375
0.03182  25.05375
0.03184  25.05375
0.03186  25.05375
0.03188  25.05375
0.0319  25.05375
0.03192  25.05375
0.03194  25.05375
0.03196  25.05375
0.03198  25.05375
0.032  25.05375
0.03202  25.05375
0.03204  25.05375
0.03206  25.05375
0.03208  25.05375
0.0321  25.05375
0.03212  25.05375
0.03214  25.05375
0.03216  25.05375
0.03218  25.05375
0.0322  25.05375
0.03222  25.05375
0.03224  25.05375
0.03226  25.05375
0.03228  25.05375
0.0323  25.05375
0.03232  25.05375
0.03234  25.05375
0.03236  25.05375
0.03238  25.05375
0.0324  25.05375
0.03242  25.05375
0.03244  25.05375
0.03246  25.05375
0.03248  25.05375
0.0325  25.05375
0.03252  25.05375
0.03254  25.05375
0.03256  25.05375
0.03258  25.05375
0.0326  25.05375
0.03262  25.05375
0.03264  25.05375
0.03266  25.05375
0.03268  25.05375
0.0327  25.05375
0.03272  25.05375
0.03274  25.05375
0.03276  25.05375
0.03278  25.05375
0.0328  25.05375
0.03282  25.05375
0.03284  25.05375
0.03286  25.05375
0.03288  25.05375
0.0329  25.05375
0.03292  25.05375
0.03294  25.05375
0.03296  25.05375
0.03298  25.05375
0.033  25.05375
0.03302  25.05375
0.03304  25.05375
0.03306  25.05375
0.03308  25.05375
0.0331  25.05375
0.03312  25.05375
0.03314  25.05375
0.03316  25.05375
0.03318  25.05375
0.0332  25.05375
0.03322  25.05375
0.03324  25.05375
0.03326  25.05375
0.03328  25.05375
0.0333  25.05375
0.03332  25.05375
0.03334  25.05375
0.03336  25.05375
0.03338  25.05375
0.0334  25.05375
0.03342  25.05375
0.03344  25.05375
0.03346  25.05375
0.03348  25.05375
0.0335  25.05375
0.03352  25.05375
0.03354  25.05375
0.03356  25.05375
0.03358  25.05375
0.0336  25.05375
0.03362  25.05375
0.03364  25.05375
0.03366  25.05375
0.03368  25.05375
0.0337  25.05375
0.03372  25.05375
0.03374  25.05375
0.03376  25.05375
0.03378  25.05375
0.0338  25.05375
0.03382  25.05375
0.03384  25.05375
0.03386  25.05375
0.03388  25.05375
0.0339  25.05375
0.03392  25.05375
0.03394  25.05375
0.03396  25.05375
0.03398  25.05375
0.034  25.05375
0.03402  25.05375
0.03404  25.05375
0.03406  25.05375
0.03408  25.05375
0.0341  25.05375
0.03412  25.05375
0.03414  25.05375
0.03416  25.05375
0.03418  25.05375
0.0342  25.05375
0.03422  25.05375
0.03424  25.05375
0.03426  25.05375
0.03428  25.05375
0.0343  25.05375
0.03432  25.05375
0.03434  25.05375
0.03436  25.05375
0.03438  25.05375
0.0344  25.05375
0.03442  25.05375
0.03444  25.05375
0.03446  25.05375
0.03448  25.05375
0.0345  25.05375
0.03452  25.05375
0.03454  25.05375
0.03456  25.05375
0.03458  25.05375
0.0346  25.05375
0.03462  25.05375
0.03464  25.05375
0.03466  25.05375
0.03468  25.05375
0.0347  25.05375
0.03472  25.05375
0.03474  25.05375
0.03476  25.05375
0.03478  25.05375
0.0348  25.05375
0.03482  25.05375
0.03484  25.05375
0.03486  25.05375
0.03488  25.05375
0.0349  25.05375
0.03492  25.05375
0.03494  25.05375
0.03496  25.05375
0.03498  25.05375
0.035  25.05375
0.03502  25.05375
0.03504  25.05375
0.03506  25.05375
0.03508  25.05375
0.0351  25.05375
0.03512  25.05375
0.03514  25.05375
0.03516  25.05375
0.03518  25.05375
0.0352  25.05375
0.03522  25.05375
0.03524  25.05375
0.03526  25.05375
0.03528  25.05375
0.0353  25.05375
0.03532  25.05375
0.03534  25.05375
0.03536  25.05375
0.03538  25.05375
0.0354  25.05375
0.03542  25.05375
0.03544  25.05375
0.03546  25.05375
0.03548  25.05375
0.0355  25.05375
0.03552  25.05375
0.03554  25.05375
0.03556  25.05375
0.03558  25.05375
0.0356  25.05375
0.03562  25.05375
0.03564  25.05375
0.03566  25.05375
0.03568  25.05375
0.0357  25.05375
0.03572  25.05375
0.03574  25.05375
0.03576  25.05375
0.03578  25.05375
0.0358  25.05375
0.03582  25.05375
0.03584  25.05375
0.03586  25.05375
0.03588  25.05375
0.0359  25.05375
0.03592  25.05375
0.03594  25.05375
0.03596  25.05375
0.03598  25.05375
0.036  25.05375
0.03602  25.05375
0.03604  25.05375
0.03606  25.05375
0.03608  25.05375
0.0361  25.05375
0.03612  25.05375
0.03614  25.05375
0.03616  25.05375
0.03618  25.05375
0.0362  25.05375
0.03622  25.05375
0.03624  25.05375
0.03626  25.05375
0.03628  25.05375
0.0363  25.05375
0.03632  25.05375
0.03634  25.05375
0.03636  25.05375
0.03638  25.05375
0.0364  25.05375
0.03642  25.05375
0.03644  25.05375
0.03646  25.05375
0.03648  25.05375
0.0365  25.05375
0.03652  25.05375
0.03654  25.05375
0.03656  25.05375
0.03658  25.05375
0.0366  25.05375
0.03662  25.05375
0.03664  25.05375
0.03666  25.05375
0.03668  25.05375
0.0367  25.05375
0.03672  25.05375
0.03674  25.05375
0.03676  25.05375
0.03678  25.05375
0.0368  25.05375
0.03682  25.05375
0.03684  25.05375
0.03686  25.05375
0.03688  25.05375
0.0369  25.05375
0.03692  25.05375
0.03694  25.05375
0.03696  25.05375
0.03698  25.05375
0.037  25.05375
0.03702  25.05375
0.03704  25.05375
0.03706  25.05375
0.03708  25.05375
0.0371  25.05375
0.03712  25.05375
0.03714  25.05375
0.03716  25.05375
0.03718  25.05375
0.0372  25.05375
0.03722  25.05375
0.03724  25.05375
0.03726  25.05375
0.03728  25.05375
0.0373  25.05375
0.03732  25.05375
0.03734  25.05375
0.03736  25.05375
0.03738  25.05375
0.0374  25.05375
0.03742  25.05375
0.03744  25.05375
0.03746  25.05375
0.03748  25.05375
0.0375  25.05375
0.03752  25.05375
0.03754  25.05375
0.03756  25.05375
0.03758  25.05375
0.0376  25.05375
0.03762  25.05375
0.03764  25.05375
0.03766  25.05375
0.03768  25.05375
0.0377  25.05375
0.03772  25.05375
0.03774  25.05375
0.03776  25.05375
0.03778  25.05375
0.0378  25.05375
0.03782  25.05375
0.03784  25.05375
0.03786  25.05375
0.03788  25.05375
0.0379  25.05375
0.03792  25.05375
0.03794  25.05375
0.03796  25.05375
0.03798  25.05375
0.038  25.05375
0.03802  25.05375
0.03804  25.05375
0.03806  25.05375
0.03808  25.05375
0.0381  25.05375
0.03812  25.05375
0.03814  25.05375
0.03816  25.05375
0.03818  25.05375
0.0382  25.05375
0.03822  25.05375
0.03824  25.05375
0.03826  25.05375
0.03828  25.05375
0.0383  25.05375
0.03832  25.05375
0.03834  25.05375
0.03836  25.05375
0.03838  25.05375
0.0384  25.05375
0.03842  25.05375
0.03844  25.05375
0.03846  25.05375
0.03848  25.05375
0.0385  25.05375
0.03852  25.05375
0.03854  25.05375
0.03856  25.05375
0.03858  25.05375
0.0386  25.05375
0.03862  25.05375
0.03864  25.05375
0.03866  25.05375
0.03868  25.05375
0.0387  25.05375
0.03872  25.05375
0.03874  25.05375
0.03876  25.05375
0.03878  25.05375
0.0388  25.05375
0.03882  25.05375
0.03884  25.05375
0.03886  25.05375
0.03888  25.05375
0.0389  25.05375
0.03892  25.05375
0.03894  25.05375
0.03896  25.05375
0.03898  25.05375
0.039  25.05375
0.03902  25.05375
0.03904  25.05375
0.03906  25.05375
0.03908  25.05375
0.0391  25.05375
0.03912  25.05375
0.03914  25.05375
0.03916  25.05375
0.03918  25.05375
0.0392  25.05375
0.03922  25.05375
0.03924  25.05375
0.03926  25.05375
0.03928  25.05375
0.0393  25.05375
0.03932  25.05375
0.03934  25.05375
0.03936  25.05375
0.03938  25.05375
0.0394  25.05375
0.03942  25.05375
0.03944  25.05375
0.03946  25.05375
0.03948  25.05375
0.0395  25.05375
0.03952  25.05375
0.03954  25.05375
0.03956  25.05375
0.03958  25.05375
0.0396  25.05375
0.03962  25.05375
0.03964  25.05375
0.03966  25.05375
0.03968  25.05375
0.0397  25.05375
0.03972  25.05375
0.03974  25.05375
0.03976  25.05375
0.03978  25.05375
0.0398  25.05375
0.03982  25.05375
0.03984  25.05375
0.03986  25.05375
0.03988  25.05375
0.0399  25.05375
0.03992  25.05375
0.03994  25.05375
0.03996  25.05375
0.03998  25.05375
0.04  25.053750
0.04002  25.053750
0.04004  25.053750
0.04006  25.053750
0.04008  25.053750
0.0401  25.053750
0.04012  25.053750
0.04014  25.053750
0.04016  25.053750
0.04018  25.053750
0.0402  25.053750
0.04022  25.053750
0.04024  25.053750
0.04026  30.850100
0.04028  41.531300
0.0403  55.910500
0.04032  75.268500
0.04034  109.547500
0.04036  175.046000
0.04038  306.056500
0.0404  576.405000
0.04042  1134.410000
0.04044  2235.980000
0.04046  4196.455000
0.04048  7101.250000
0.0405  10284.700000
0.04052  12234.650000
0.04054  11695.750000
0.04056  9030.250000
0.04058  5818.300000
0.0406  3305.930000
0.04062  1772.150000
0.04064  956.415000
0.04066  546.365000
0.04068  340.236500
0.0407  233.098000
0.04072  173.726500
0.04074  149.333500
0.04076  128.966000
0.04078  111.896500
0.0408  97.540500
0.04082  85.424000
0.04084  75.162000
0.04086  66.442000
0.04088  59.008500
0.0409  52.651000
0.04092  47.198600
0.04094  42.508500
0.04096  38.463400
0.04098  34.965900
0.041  31.935050
0.04102  29.303250
0.04104  27.014050
0.04106  25.020100
0.04108  25.053750
0.0411  25.053750
0.04112  25.053750
0.04114  25.053750
0.04116  25.053750
0.04118  25.053750
0.0412  25.053750
0.04122  25.053750
0.04124  25.053750
0.04126  25.053750
0.04128  25.053750
0.0413  25.053750
0.04132  25.053750
0.04134  25.053750
0.04136  25.053750
0.04138  25.053750
0.0414  25.053750
0.04142  25.053750
0.04144  25.053750
0.04146  25.053750
0.04148  25.053750
0.0415  25.053750
0.04152  25.053750
0.04154  25.053750
0.04156  25.053750
0.04158  25.053750
0.0416  25.053750
0.04162  25.053750
0.04164  25.053750
0.04166  25.053750
0.04168  25.053750
0.0417  25.053750
0.04172  25.053750
0.04174  25.053750
0.04176  25.053750
0.04178  25.053750
0.0418  25.053750
0.04182  25.053750
0.04184  25.053750
0.04186  25.053750
0.04188  25.053750
0.0419  25.053750
0.04192  25.053750
0.04194  25.053750
0.04196  25.053750
0.04198  25.053750
0.042  25.053750
0.04202  25.053750
0.04204  25.053750
0.04206  25.053750
0.04208  25.053750
0.0421  25.053750
0.04212  25.053750
0.04214  25.053750
0.04216  25.053750
0.04218  25.053750
0.0422  25.053750
0.04222  25.053750
0.04224  25.053750
0.04226  25.053750
0.04228  25.053750
0.0423  25.053750
0.04232  25.053750
0.04234  25.053750
0.04236  25.053750
0.04238  25.053750
0.0424  25.053750
0.04242  25.053750
0.04244  25.053750
0.04246  25.053750
0.04248  25.053750
0.0425  25.053750
0.04252  25.053750
0.04254  25.053750
0.04256  25.053750
0.04258  25.053750
0.0426  25.053750
0.04262  25.053750
0.04264  25.053750
0.04266  25.053750
0.04268  25.053750
0.0427  25.053750
0.04272  25.053750
0.04274  25.053750
0.04276  25.053750
0.04278  25.053750
0.0428  25.053750
0.04282  25.053750
0.04284  25.053750
0.04286  25.053750
0.04288  25.053750
0.0429  25.053750
0.04292  25.053750
0.04294  25.053750
0.04296  25.053750
0.04298  25.053750
0.043  25.053750
0.04302  25.05375
0.04304  25.05375
0.04306  25.05375
0.04308  25.05375
0.0431  25.05375
0.04312  25.05375
0.04314  25.05375
0.04316  25.05375
0.04318  25.05375
0.0432  25.05375
0.04322  25.05375
0.04324  25.05375
0.04326  25.05375
0.04328  25.05375
0.0433  25.05375
0.04332  25.05375
0.04334  25.05375
0.04336  25.05375
0.04338  25.05375
0.0434  25.05375
0.04342  25.05375
0.04344  25.05375
0.04346  25.05375
0.04348  25.05375
0.0435  25.05375
0.04352  25.05375
0.04354  25.05375
0.04356  25.05375
0.04358  25.05375
0.0436  25.05375
0.04362  25.05375
0.04364  25.05375
0.04366  25.05375
0.04368  25.05375
0.0437  25.05375
0.04372  25.05375
0.04374  25.05375
0.04376  25.05375
0.04378  25.05375
0.0438  25.05375
0.04382  25.05375
0.04384  25.05375
0.04386  25.05375
0.04388  25.05375
0.0439  25.05375
0.04392  25.05375
0.04394  25.05375
0.04396  25.05375
0.04398  25.05375
0.044  25.05375
0.04402  25.05375
0.04404  25.05375
0.04406  25.05375
0.04408  25.05375
0.0441  25.05375
0.04412  25.05375
0.04414  25.05375
0.04416  25.05375
0.04418  25.05375
0.0442  25.05375
0.04422  25.05375
0.04424  25.05375
0.04426  25.05375
0.04428  25.05375
0.0443  25.05375
0.04432  25.05375
0.04434  25.05375
0.04436  25.05375
0.04438  25.05375
0.0444  25.05375
0.04442  25.05375
0.04444  25.05375
0.04446  25.05375
0.04448  25.05375
0.0445  25.05375
0.04452  25.05375
0.04454  25.05375
0.04456  25.05375
0.04458  25.05375
0.0446  25.05375
0.04462  25.05375
0.04464  25.05375
0.04466  25.05375
0.04468  25.05375
0.0447  25.05375
0.04472  25.05375
0.04474  25.05375
0.04476  25.05375
0.04478  25.05375
0.0448  25.05375
0.04482  25.05375
0.04484  25.05375
0.04486  25.05375
0.04488  25.05375
0.0449  25.05375
0.04492  25.05375
0.04494  25.05375
0.04496  25.05375
0.04498  25.05375
0.045  25.05375
0.04502  25.05375
0.04504  25.05375
0.04506  25.05375
0.04508  25.05375
0.0451  25.05375
0.04512  25.05375
0.04514  25.05375
0.04516  25.05375
0.04518  25.05375
0.0452  25.05375
0.04522  25.05375
0.04524  25.05375
0.04526  25.05375
0.04528  25.05375
0.0453  25.05375
0.04532  25.05375
0.04534  25.05375
0.04536  25.05375
0.04538  25.05375
0.0454  25.05375
0.04542  25.05375
0.04544  25.05375
0.04546  25.05375
0.04548  25.05375
0.0455  25.05375
0.04552  25.05375
0.04554  25.05375
0.04556  25.05375
0.04558  25.05375
0.0456  25.05375
0.04562  25.05375
0.04564  25.05375
0.04566  25.05375
0.04568  25.05375
0.0457  25.05375
0.04572  25.05375
0.04574  25.05375
0.04576  25.05375
0.04578  25.05375
0.0458  25.05375
0.04582  25.05375
0.04584  25.05375
0.04586  25.05375
0.04588  25.05375
0.0459  25.05375
0.04592  25.05375
0.04594  25.05375
0.04596  25.05375
0.04598  25.05375
0.046  25.05375
0.04602  25.05375
0.04604  25.05375
0.04606  25.05375
0.04608  25.05375
0.0461  25.05375
0.04612  25.05375
0.04614  25.05375
0.04616  25.05375
0.04618  25.05375
0.0462  25.05375
0.04622  25.05375
0.04624  25.05375
0.04626  25.05375
0.04628  25.05375
0.0463  25.05375
0.04632  25.05375
0.04634  25.05375
0.04636  25.05375
0.04638  25.05375
0.0464  25.05375
0.04642  25.05375
0.04644  25.05375
0.04646  25.05375
0.04648  25.05375
0.0465  25.05375
0.04652  25.05375
0.04654  25.05375
0.04656  25.05375
0.04658  25.05375
0.0466  25.05375
0.04662  25.05375
0.04664  25.05375
0.04666  25.05375
0.04668  25.05375
0.0467  25.05375
0.04672  25.05375
0.04674  25.05375
0.04676  25.05375
0.04678  25.05375
0.0468  25.05375
0.04682  25.05375
0.04684  25.05375
0.04686  25.05375
0.04688  25.05375
0.0469  25.05375
0.04692  25.05375
0.04694  25.05375
0.04696  25.05375
0.04698  25.05375
0.047  25.05375
0.04702  25.05375
0.04704  25.05375
0.04706  25.05375
0.04708  25.05375
0.0471  25.05375
0.04712  25.05375
0.04714  25.05375
0.04716  25.05375
0.04718  25.05375
0.0472  25.05375
0.04722  25.05375
0.04724  25.05375
0.04726  25.05375
0.04728  25.05375
0.0473  25.05375
0.04732  25.05375
0.04734  25.05375
0.04736  25.05375
0.04738  25.05375
0.0474  25.05375
0.04742  25.05375
0.04744  25.05375
0.04746  25.05375
0.04748  25.05375
0.0475  25.05375
0.04752  25.05375
0.04754  25.05375
0.04756  25.05375
0.04758  25.05375
0.0476  25.05375
0.04762  25.05375
0.04764  25.05375
0.04766  25.05375
0.04768  25.05375
0.0477  25.05375
0.04772  25.05375
0.04774  25.05375
0.04776  25.05375
0.04778  25.05375
0.0478  25.05375
0.04782  25.05375
0.04784  25.05375
0.04786  25.05375
0.04788  25.05375
0.0479  25.05375
0.04792  25.05375
0.04794  25.05375
0.04796  25.05375
0.04798  25.05375
0.048  25.05375
0.04802  25.05375
0.04804  25.05375
0.04806  25.05375
0.04808  25.05375
0.0481  25.05375
0.04812  25.05375
0.04814  25.05375
0.04816  25.05375
0.04818  25.05375
0.0482  25.05375
0.04822  25.05375
0.04824  25.05375
0.04826  25.05375
0.04828  25.05375
0.0483  25.05375
0.04832  25.05375
0.04834  25.05375
0.04836  25.05375
0.04838  25.05375
0.0484  25.05375
0.04842  25.05375
0.04844  25.05375
0.04846  25.05375
0.04848  25.05375
0.0485  25.05375
0.04852  25.05375
0.04854  25.05375
0.04856  25.05375
0.04858  25.05375
0.0486  25.05375
0.04862  25.05375
0.04864  25.05375
0.04866  25.05375
0.04868  25.05375
0.0487  25.05375
0.04872  25.05375
0.04874  25.05375
0.04876  25.05375
0.04878  25.05375
0.0488  25.05375
0.04882  25.05375
0.04884  25.05375
0.04886  25.05375
0.04888  25.05375
0.0489  25.05375
0.04892  25.05375
0.04894  25.05375
0.04896  25.05375
0.04898  25.05375
0.049  25.05375
0.04902  25.05375
0.04904  25.05375
0.04906  25.05375
0.04908  25.05375
0.0491  25.05375
0.04912  25.05375
0.04914  25.05375
0.04916  25.05375
0.04918  25.05375
0.0492  25.05375
0.04922  25.05375
0.04924  25.05375
0.04926  25.05375
0.04928  25.05375
0.0493  25.05375
0.04932  25.05375
0.04934  25.05375
0.04936  25.05375
0.04938  25.05375
0.0494  25.05375
0.04942  25.05375
0.04944  25.05375
0.04946  25.05375
0.04948  25.05375
0.0495  25.05375
0.04952  25.05375
0.04954  25.05375
0.04956  25.05375
0.04958  25.05375
0.0496  25.05375
0.04962  25.05375
0.04964  25.05375
0.04966  25.05375
0.04968  25.05375
0.0497  25.05375
0.04972  25.05375
0.04974  25.05375
0.04976  25.05375
0.04978  25.05375
0.0498  25.05375
0.04982  25.05375
0.04984  25.05375
0.04986  25.05375
0.04988  25.05375
0.0499  25.05375
0.04992  25.05375
0.04994  25.05375
0.04996  25.05375
0.04998  25.05375
0.05  25.05375
0.05002  25.05375
0.05004  25.05375
0.05006  25.05375
0.05008  25.05375
0.0501  25.05375
0.05012  25.05375
0.05014  25.05375
0.05016  25.05375
0.05018  25.05375
0.0502  25.05375
0.05022  25.05375
0.05024  25.05375
0.05026  25.05375
0.05028  25.05375
0.0503  25.05375
0.05032  25.05375
0.05034  25.05375
0.05036  25.05375
0.05038  25.05375
0.0504  25.05375
0.05042  25.05375
0.05044  25.05375
0.05046  25.05375
0.05048  25.05375
0.0505  25.05375
0.05052  25.05375
0.05054  25.05375
0.05056  25.05375
0.05058  25.05375
0.0506  25.05375
0.05062  25.05375
0.05064  25.05375
0.05066  25.05375
0.05068  25.05375
0.0507  25.05375
0.05072  25.05375
0.05074  25.05375
0.05076  25.05375
0.05078  25.05375
0.0508  25.05375
0.05082  25.05375
0.05084  25.05375
0.05086  25.05375
0.05088  25.05375
0.0509  25.05375
0.05092  25.05375
0.05094  25.05375
0.05096  25.05375
0.05098  25.05375
0.051  25.05375
0.05102  25.05375
0.05104  25.05375
0.05106  25.05375
0.05108  25.05375
0.0511  25.05375
0.05112  25.05375
0.05114  25.05375
0.05116  25.05375
0.05118  25.05375
0.0512  25.05375
0.05122  25.05375
0.05124  25.05375
0.05126  25.05375
0.05128  25.05375
0.0513  25.05375
0.05132  25.05375
0.05134  25.05375
0.05136  25.05375
0.05138  25.05375
0.0514  25.05375
0.05142  25.05375
0.05144  25.05375
0.05146  25.05375
0.05148  25.05375
0.0515  25.05375
0.05152  25.05375
0.05154  25.05375
0.05156  25.05375
0.05158  25.05375
0.0516  25.05375
0.05162  25.05375
0.05164  25.05375
0.05166  25.05375
0.05168  25.05375
0.0517  25.05375
0.05172  25.05375
0.05174  25.05375
0.05176  25.05375
0.05178  25.05375
0.0518  25.05375
0.05182  25.05375
0.05184  25.05375
0.05186  25.05375
0.05188  25.05375
0.0519  25.05375
0.05192  25.05375
0.05194  25.05375
0.05196  25.05375
0.05198  25.05375
0.052  25.05375
0.05202  25.05375
0.05204  25.05375
0.05206  25.05375
0.05208  25.05375
0.0521  25.05375
0.05212  25.05375
0.05214  25.05375
0.05216  25.05375
0.05218  25.05375
0.0522  25.05375
0.05222  25.05375
0.05224  25.05375
0.05226  25.05375
0.05228  25.05375
0.0523  25.05375
0.05232  25.05375
0.05234  25.05375
0.05236  25.05375
0.05238  25.05375
0.0524  25.05375
0.05242  25.05375
0.05244  25.05375
0.05246  25.05375
0.05248  25.05375
0.0525  25.05375
0.05252  25.05375
0.05254  25.05375
0.05256  25.05375
0.05258  25.05375
0.0526  25.05375
0.05262  25.05375
0.05264  25.05375
0.05266  25.05375
0.05268  25.05375
0.0527  25.05375
0.05272  25.05375
0.05274  25.05375
0.05276  25.05375
0.05278  25.05375
0.0528  25.05375
0.05282  25.05375
0.05284  25.05375
0.05286  25.05375
0.05288  25.05375
0.0529  25.05375
0.05292  25.05375
0.05294  25.05375
0.05296  25.05375
0.05298  25.05375
0.053  25.05375
0.05302  25.05375
0.05304  25.05375
0.05306  25.05375
0.05308  25.05375
0.0531  25.05375
0.05312  25.05375
0.05314  25.05375
0.05316  25.05375
0.05318  25.05375
0.0532  25.05375
0.05322  25.05375
0.05324  25.05375
0.05326  25.05375
0.05328  25.05375
0.0533  25.05375
0.05332  25.05375
0.05334  25.05375
0.05336  25.05375
0.05338  25.05375
0.0534  25.05375
0.05342  25.05375
0.05344  25.05375
0.05346  25.05375
0.05348  25.05375
0.0535  25.05375
0.05352  25.05375
0.05354  25.05375
0.05356  25.05375
0.05358  25.05375
0.0536  25.05375
0.05362  25.05375
0.05364  25.05375
0.05366  25.05375
0.05368  25.05375
0.0537  25.05375
0.05372  25.05375
0.05374  25.05375
0.05376  25.05375
0.05378  25.05375
0.0538  25.05375
0.05382  25.05375
0.05384  25.05375
0.05386  25.05375
0.05388  25.05375
0.0539  25.05375
0.05392  25.05375
0.05394  25.05375
0.05396  25.05375
0.05398  25.05375
0.054  25.05375
0.05402  25.05375
0.05404  25.05375
0.05406  25.05375
0.05408  25.05375
0.0541  25.05375
0.05412  25.05375
0.05414  25.05375
0.05416  25.05375
0.05418  25.05375
0.0542  25.05375
0.05422  25.05375
0.05424  25.05375
0.05426  25.05375
0.05428  25.05375
0.0543  25.05375
0.05432  25.05375
0.05434  25.05375
0.05436  25.05375
0.05438  25.05375
0.0544  25.05375
0.05442  25.05375
0.05444  25.05375
0.05446  25.05375
0.05448  25.05375
0.0545  25.05375
0.05452  25.05375
0.05454  25.05375
0.05456  25.05375
0.05458  25.05375
0.0546  25.05375
0.05462  25.05375
0.05464  25.05375
0.05466  25.05375
0.05468  25.05375
0.0547  25.05375
0.05472  25.05375
0.05474  25.05375
0.05476  25.05375
0.05478  25.05375
0.0548  25.05375
0.05482  25.05375
0.05484  25.05375
0.05486  25.05375
0.05488  25.05375
0.0549  25.05375
0.05492  25.05375
0.05494  25.05375
0.05496  25.05375
0.05498  25.05375
0.055  25.05375
0.05502  25.05375
0.05504  25.05375
0.05506  25.05375
0.05508  25.05375
0.0551  25.05375
0.05512  25.05375
0.05514  25.05375
0.05516  25.05375
0.05518  25.05375
0.0552  25.05375
0.05522  25.05375
0.05524  25.05375
0.05526  25.05375
0.05528  25.05375
0.0553  25.05375
0.05532  25.05375
0.05534  25.05375
0.05536  25.05375
0.05538  25.05375
0.0554  25.05375
0.05542  25.05375
0.05544  25.05375
0.05546  25.05375
0.05548  25.05375
0.0555  25.05375
0.05552  25.05375
0.05554  25.05375
0.05556  25.05375
0.05558  25.05375
0.0556  25.05375
0.05562  25.05375
0.05564  25.05375
0.05566  25.05375
0.05568  25.05375
0.0557  25.05375
0.05572  25.05375
0.05574  25.05375
0.05576  25.05375
0.05578  25.05375
0.0558  25.05375
0.05582  25.05375
0.05584  25.05375
0.05586  25.05375
0.05588  25.05375
0.0559  25.05375
0.05592  25.05375
0.05594  25.05375
0.05596  25.05375
0.05598  25.05375
0.056  25.05375
0.05602  25.05375
0.05604  25.05375
0.05606  25.05375
0.05608  25.05375
0.0561  25.05375
0.05612  25.05375
0.05614  25.05375
0.05616  25.05375
0.05618  25.05375
0.0562  25.05375
0.05622  25.05375
0.05624  25.05375
0.05626  25.05375
0.05628  25.05375
0.0563  25.05375
0.05632  25.05375
0.05634  25.05375
0.05636  25.05375
0.05638  25.05375
0.0564  25.05375
0.05642  25.05375
0.05644  25.05375
0.05646  25.05375
0.05648  25.05375
0.0565  25.05375
0.05652  25.05375
0.05654  25.05375
0.05656  25.05375
0.05658  25.05375
0.0566  25.05375
0.05662  25.05375
0.05664  25.05375
0.05666  25.05375
0.05668  25.05375
0.0567  25.05375
0.05672  25.05375
0.05674  25.05375
0.05676  25.05375
0.05678  25.05375
0.0568  25.05375
0.05682  25.05375
0.05684  25.05375
0.05686  25.05375
0.05688  25.05375
0.0569  25.05375
0.05692  25.05375
0.05694  25.05375
0.05696  25.05375
0.05698  25.05375
0.057  25.05375
0.05702  25.05375
0.05704  25.05375
0.05706  25.05375
0.05708  25.05375
0.0571  25.05375
0.05712  25.05375
0.05714  25.05375
0.05716  25.05375
0.05718  25.05375
0.0572  25.05375
0.05722  25.05375
0.05724  25.05375
0.05726  25.05375
0.05728  25.05375
0.0573  25.05375
0.05732  25.05375
0.05734  25.05375
0.05736  25.05375
0.05738  25.05375
0.0574  25.05375
0.05742  25.05375
0.05744  25.05375
0.05746  25.05375
0.05748  25.05375
0.0575  25.05375
0.05752  25.05375
0.05754  25.05375
0.05756  25.05375
0.05758  25.05375
0.0576  25.05375
0.05762  25.05375
0.05764  25.05375
0.05766  25.05375
0.05768  25.05375
0.0577  25.05375
0.05772  25.05375
0.05774  25.05375
0.05776  25.05375
0.05778  25.05375
0.0578  25.05375
0.05782  25.05375
0.05784  25.05375
0.05786  25.05375
0.05788  25.05375
0.0579  25.05375
0.05792  25.05375
0.05794  25.05375
0.05796  25.05375
0.05798  25.05375
0.058  25.05375
0.05802  25.05375
0.05804  25.05375
0.05806  25.05375
0.05808  25.05375
0.0581  25.05375
0.05812  25.05375
0.05814  25.05375
0.05816  25.05375
0.05818  25.05375
0.0582  25.05375
0.05822  25.05375
0.05824  25.05375
0.05826  25.05375
0.05828  25.05375
0.0583  25.05375
0.05832  25.05375
0.05834  25.05375
0.05836  25.05375
0.05838  25.05375
0.0584  25.05375
0.05842  25.05375
0.05844  25.05375
0.05846  25.05375
0.05848  25.05375
0.0585  25.05375
0.05852  25.05375
0.05854  25.05375
0.05856  25.05375
0.05858  25.05375
0.0586  25.05375
0.05862  25.05375
0.05864  25.05375
0.05866  25.05375
0.05868  25.05375
0.0587  25.05375
0.05872  25.05375
0.05874  25.05375
0.05876  25.05375
0.05878  25.05375
0.0588  25.05375
0.05882  25.05375
0.05884  25.05375
0.05886  25.05375
0.05888  25.05375
0.0589  25.05375
0.05892  25.05375
0.05894  25.05375
0.05896  25.05375
0.05898  25.05375
0.059  25.05375
0.05902  25.05375
0.05904  25.05375
0.05906  25.05375
0.05908  25.05375
0.0591  25.05375
0.05912  25.05375
0.05914  25.05375
0.05916  25.05375
0.05918  25.05375
0.0592  25.05375
0.05922  25.05375
0.05924  25.05375
0.05926  25.05375
0.05928  25.05375
0.0593  25.05375
0.05932  25.05375
0.05934  25.05375
0.05936  25.05375
0.05938  25.05375
0.0594  25.05375
0.05942  25.05375
0.05944  25.05375
0.05946  25.05375
0.05948  25.05375
0.0595  25.05375
0.05952  25.05375
0.05954  25.05375
0.05956  25.05375
0.05958  25.05375
0.0596  25.05375
0.05962  25.05375
0.05964  25.05375
0.05966  25.05375
0.05968  25.05375
0.0597  25.05375
0.05972  25.05375
0.05974  25.05375
0.05976  25.05375
0.05978  25.05375
0.0598  25.05375
0.05982  25.05375
0.05984  25.05375
0.05986  25.05375
0.05988  25.05375
0.0599  25.05375
0.05992  25.05375
0.05994  25.05375
0.05996  25.05375
0.05998  25.05375
0.06  25.053750
0.06002  25.053750
0.06004  25.053750
0.06006  25.053750
0.06008  25.053750
0.0601  25.053750
0.06012  25.053750
0.06014  25.053750
0.06016  25.053750
0.06018  25.053750
0.0602  25.053750
0.06022  25.053750
0.06024  25.053750
0.06026  30.850100
0.06028  41.531300
0.0603  55.910500
0.06032  75.268500
0.06034  109.547500
0.06036  175.046000
0.06038  306.056500
0.0604  576.405000
0.06042  1134.410000
0.06044  2235.980000
0.06046  4196.455000
0.06048  7101.250000
0.0605  10284.700000
0.06052  12234.650000
0.06054  11695.750000
0.06056  9030.250000
0.06058  5818.300000
0.0606  3305.930000
0.06062  1772.150000
0.06064  956.415000
0.06066  546.365000
0.06068  340.236500
0.0607  233.098000
0.06072  173.726500
0.06074  149.333500
0.06076  128.966000
0.06078  111.896500
0.0608  97.540500
0.06082  85.424000
0.06084  75.162000
0.06086  66.442000
0.06088  59.008500
0.0609  52.651000
0.06092  47.198600
0.06094  42.508500
0.06096  38.463400
0.06098  34.965900
0.061  31.935050
0.06102  29.303250
0.06104  27.014050
0.06106  25.020100
0.06108  25.053750
0.0611  25.053750
0.06112  25.053750
0.06114  25.053750
0.06116  25.053750
0.06118  25.053750
0.0612  25.053750
0.06122  25.053750
0.06124  25.053750
0.06126  25.053750
0.06128  25.053750
0.0613  25.053750
0.06132  25.053750
0.06134  25.053750
0.06136  25.053750
0.06138  25.053750
0.0614  25.053750
0.06142  25.053750
0.06144  25.053750
0.06146  25.053750
0.06148  25.053750
0.0615  25.053750
0.06152  25.053750
0.06154  25.053750
0.06156  25.053750
0.06158  25.053750
0.0616  25.053750
0.06162  25.053750
0.06164  25.053750
0.06166  25.053750
0.06168  25.053750
0.0617  25.053750
0.06172  25.053750
0.06174  25.053750
0.06176  25.053750
0.06178  25.053750
0.0618  25.053750
0.06182  25.053750
0.06184  25.053750
0.06186  25.053750
0.06188  25.053750
0.0619  25.053750
0.06192  25.053750
0.06194  25.053750
0.06196  25.053750
0.06198  25.053750
0.062  25.053750
0.06202  25.053750
0.06204  25.053750
0.06206  25.053750
0.06208  25.053750
0.0621  25.053750
0.06212  25.053750
0.06214  25.053750
0.06216  25.053750
0.06218  25.053750
0.0622  25.053750
0.06222  25.053750
0.06224  25.053750
0.06226  25.053750
0.06228  25.053750
0.0623  25.053750
0.06232  25.053750
0.06234  25.053750
0.06236  25.053750
0.06238  25.053750
0.0624  25.053750
0.06242  25.053750
0.06244  25.053750
0.06246  25.053750
0.06248  25.053750
0.0625  25.053750
0.06252  25.053750
0.06254  25.053750
0.06256  25.053750
0.06258  25.053750
0.0626  25.053750
0.06262  25.053750
0.06264  25.053750
0.06266  25.053750
0.06268  25.053750
0.0627  25.053750
0.06272  25.053750
0.06274  25.053750
0.06276  25.053750
0.06278  25.053750
0.0628  25.053750
0.06282  25.053750
0.06284  25.053750
0.06286  25.053750
0.06288  25.053750
0.0629  25.053750
0.06292  25.053750
0.06294  25.053750
0.06296  25.053750
0.06298  25.053750
0.063  25.053750
