0.00000  5.01075
0.00002  5.01075
0.00004  5.01075
0.00006  5.01075
0.00008  5.01075
0.00010  5.01075
0.00012  5.01075
0.00014  5.01075
0.00016  5.01075
0.00018  5.01075
0.00020  5.01075
0.00022  5.01075
0.00024  5.01075
0.00026  6.17002
0.00028  8.30626
0.00030  11.1821
0.00032  15.0537
0.00034  21.9095
0.00036  35.0092
0.00038  61.2113
0.00040  115.281
0.00042  226.882
0.00044  447.196
0.00046  839.291
0.00048  1420.25
0.00050  2056.94
0.00052  2446.93
0.00054  2339.15
0.00056  1806.05
0.00058  1163.66
0.00060  661.186
0.00062  354.43
0.00064  191.283
0.00066  109.273
0.00068  68.0473
0.00070  46.6196
0.00072  34.7453
0.00074  29.8667
0.00076  25.7932
0.00078  22.3793
0.00080  19.5081
0.00082  17.0848
0.00084  15.0324
0.00086  13.2884
0.00088  11.8017
0.00090  10.5302
0.00092  9.43972
0.00094  8.5017
0.00096  7.69268
0.00098  6.99318
0.00100  6.38701
0.00102  5.86065
0.00104  5.40281
0.00106  5.00402
0.00108  5.01075
0.00110  5.01075
0.00112  5.01075
0.00114  5.01075
0.00116  5.01075
0.00118  5.01075
0.00120  5.01075
0.00122  5.01075
0.00124  5.01075
0.00126  5.01075
0.00128  5.01075
0.00130  5.01075
0.00132  5.01075
0.00134  5.01075
0.00136  5.01075
0.00138  5.01075
0.00140  5.01075
0.00142  5.01075
0.00144  5.01075
0.00146  5.01075
0.00148  5.01075
0.00150  5.01075
0.00152  5.01075
0.00154  5.01075
0.00156  5.01075
0.00158  5.01075
0.00160  5.01075
0.00162  5.01075
0.00164  5.01075
0.00166  5.01075
0.00168  5.01075
0.00170  5.01075
0.00172  5.01075
0.00174  5.01075
0.00176  5.01075
0.00178  5.01075
0.00180  5.01075
0.00182  5.01075
0.00184  5.01075
0.00186  5.01075
0.00188  5.01075
0.00190  5.01075
0.00192  5.01075
0.00194  5.01075
0.00196  5.01075
0.00198  5.01075
0.00200  5.01075
0.00202  5.01075
0.00204  5.01075
0.00206  5.01075
0.00208  5.01075
0.00210  5.01075
0.00212  5.01075
0.00214  5.01075
0.00216  5.01075
0.00218  5.01075
0.00220  5.01075
0.00222  5.01075
0.00224  5.01075
0.00226  5.01075
0.00228  5.01075
0.00230  5.01075
0.00232  5.01075
0.00234  5.01075
0.00236  5.01075
0.00238  5.01075
0.00240  5.01075
0.00242  5.01075
0.00244  5.01075
0.00246  5.01075
0.00248  5.01075
0.00250  5.01075
0.00252  5.01075
0.00254  5.01075
0.00256  5.01075
0.00258  5.01075
0.00260  5.01075
0.00262  5.01075
0.00264  5.01075
0.00266  5.01075
0.00268  5.01075
0.00270  5.01075
0.00272  5.01075
0.00274  5.01075
0.00276  5.01075
0.00278  5.01075
0.00280  5.01075
0.00282  5.01075
0.00284  5.01075
0.00286  5.01075
0.00288  5.01075
0.00290  5.01075
0.00292  5.01075
0.00294  5.01075
0.00296  5.01075
0.00298  5.01075
0.00300  5.01075
