0.00000000 1399.510000
0.00002000 1399.510000
0.00004000 1399.510000
0.00006000 1399.510000
0.00008000 1399.510000
0.00010000 1399.510000
0.00012000 1399.510000
0.00014000 1399.510000
0.00016000 1399.510000
0.00018000 1399.510000
0.00020000 1399.510000
0.00022000 1399.510000
0.00024000 1399.510000
0.00026000 1352.760000
0.00028000 1276.970000
0.00030000 1190.870000
0.00032000 1095.530000
0.00034000 965.160000
0.00036000 795.044000
0.00038000 598.941000
0.00040000 408.208000
0.00042000 255.366000
0.00044000 152.794000
0.00046000 92.496100
0.00048000 60.087400
0.00050000 44.153900
0.00052000 38.180400
0.00054000 39.649800
0.00056000 49.216200
0.00058000 70.823900
0.00060000 112.116000
0.00062000 182.895000
0.00064000 288.796000
0.00066000 422.624000
0.00068000 564.194000
0.00070000 692.375000
0.00072000 797.792000
0.00074000 852.897000
0.00076000 906.284000
0.00078000 957.556000
0.00080000 1006.400000
0.00082000 1052.600000
0.00084000 1096.000000
0.00086000 1136.550000
0.00088000 1174.220000
0.00090000 1209.060000
0.00092000 1241.150000
0.00094000 1270.600000
0.00096000 1297.550000
0.00098000 1322.130000
0.00100000 1344.500000
0.00102000 1364.800000
0.00104000 1383.190000
0.00106000 1399.790000
0.00108000 1399.510000
0.00110000 1399.510000
0.00112000 1399.510000
0.00114000 1399.510000
0.00116000 1399.510000
0.00118000 1399.510000
0.00120000 1399.510000
0.00122000 1399.510000
0.00124000 1399.510000
0.00126000 1399.510000
0.00128000 1399.510000
0.00130000 1399.510000
0.00132000 1399.510000
0.00134000 1399.510000
0.00136000 1399.510000
0.00138000 1399.510000
0.00140000 1399.510000
0.00142000 1399.510000
0.00144000 1399.510000
0.00146000 1399.510000
0.00148000 1399.510000
0.00150000 1399.510000
0.00152000 1399.510000
0.00154000 1399.510000
0.00156000 1399.510000
0.00158000 1399.510000
0.00160000 1399.510000
0.00162000 1399.510000
0.00164000 1399.510000
0.00166000 1399.510000
0.00168000 1399.510000
0.00170000 1399.510000
0.00172000 1399.510000
0.00174000 1399.510000
0.00176000 1399.510000
0.00178000 1399.510000
0.00180000 1399.510000
0.00182000 1399.510000
0.00184000 1399.510000
0.00186000 1399.510000
0.00188000 1399.510000
0.00190000 1399.510000
0.00192000 1399.510000
0.00194000 1399.510000
0.00196000 1399.510000
0.00198000 1399.510000
0.00200000 1399.510000
0.00202000 1399.510000
0.00204000 1399.510000
0.00206000 1399.510000
0.00208000 1399.510000
0.00210000 1399.510000
0.00212000 1399.510000
0.00214000 1399.510000
0.00216000 1399.510000
0.00218000 1399.510000
0.00220000 1399.510000
0.00222000 1399.510000
0.00224000 1399.510000
0.00226000 1399.510000
0.00228000 1399.510000
0.00230000 1399.510000
0.00232000 1399.510000
0.00234000 1399.510000
0.00236000 1399.510000
0.00238000 1399.510000
0.00240000 1399.510000
0.00242000 1399.510000
0.00244000 1399.510000
0.00246000 1399.510000
0.00248000 1399.510000
0.00250000 1399.510000
0.00252000 1399.510000
0.00254000 1399.510000
0.00256000 1399.510000
0.00258000 1399.510000
0.00260000 1399.510000
0.00262000 1399.510000
0.00264000 1399.510000
0.00266000 1399.510000
0.00268000 1399.510000
0.00270000 1399.510000
0.00272000 1399.510000
0.00274000 1399.510000
0.00276000 1399.510000
0.00278000 1399.510000
0.00280000 1399.510000
0.00282000 1399.510000
0.00284000 1399.510000
0.00286000 1399.510000
0.00288000 1399.510000
0.00290000 1399.510000
0.00292000 1399.510000
0.00294000 1399.510000
0.00296000 1399.510000
0.00298000 1399.510000
0.00300000 1399.510000
0.00302  1399.51
0.00304  1399.51
0.00306  1399.51
0.00308  1399.51
0.0031  1399.51
0.00312  1399.51
0.00314  1399.51
0.00316  1399.51
0.00318  1399.51
0.0032  1399.51
0.00322  1399.51
0.00324  1399.51
0.00326  1399.51
0.00328  1399.51
0.0033  1399.51
0.00332  1399.51
0.00334  1399.51
0.00336  1399.51
0.00338  1399.51
0.0034  1399.51
0.00342  1399.51
0.00344  1399.51
0.00346  1399.51
0.00348  1399.51
0.0035  1399.51
0.00352  1399.51
0.00354  1399.51
0.00356  1399.51
0.00358  1399.51
0.0036  1399.51
0.00362  1399.51
0.00364  1399.51
0.00366  1399.51
0.00368  1399.51
0.0037  1399.51
0.00372  1399.51
0.00374  1399.51
0.00376  1399.51
0.00378  1399.51
0.0038  1399.51
0.00382  1399.51
0.00384  1399.51
0.00386  1399.51
0.00388  1399.51
0.0039  1399.51
0.00392  1399.51
0.00394  1399.51
0.00396  1399.51
0.00398  1399.51
0.004  1399.51
0.00402  1399.51
0.00404  1399.51
0.00406  1399.51
0.00408  1399.51
0.0041  1399.51
0.00412  1399.51
0.00414  1399.51
0.00416  1399.51
0.00418  1399.51
0.0042  1399.51
0.00422  1399.51
0.00424  1399.51
0.00426  1399.51
0.00428  1399.51
0.0043  1399.51
0.00432  1399.51
0.00434  1399.51
0.00436  1399.51
0.00438  1399.51
0.0044  1399.51
0.00442  1399.51
0.00444  1399.51
0.00446  1399.51
0.00448  1399.51
0.0045  1399.51
0.00452  1399.51
0.00454  1399.51
0.00456  1399.51
0.00458  1399.51
0.0046  1399.51
0.00462  1399.51
0.00464  1399.51
0.00466  1399.51
0.00468  1399.51
0.0047  1399.51
0.00472  1399.51
0.00474  1399.51
0.00476  1399.51
0.00478  1399.51
0.0048  1399.51
0.00482  1399.51
0.00484  1399.51
0.00486  1399.51
0.00488  1399.51
0.0049  1399.51
0.00492  1399.51
0.00494  1399.51
0.00496  1399.51
0.00498  1399.51
0.005  1399.51
0.00502  1399.51
0.00504  1399.51
0.00506  1399.51
0.00508  1399.51
0.0051  1399.51
0.00512  1399.51
0.00514  1399.51
0.00516  1399.51
0.00518  1399.51
0.0052  1399.51
0.00522  1399.51
0.00524  1399.51
0.00526  1399.51
0.00528  1399.51
0.0053  1399.51
0.00532  1399.51
0.00534  1399.51
0.00536  1399.51
0.00538  1399.51
0.0054  1399.51
0.00542  1399.51
0.00544  1399.51
0.00546  1399.51
0.00548  1399.51
0.0055  1399.51
0.00552  1399.51
0.00554  1399.51
0.00556  1399.51
0.00558  1399.51
0.0056  1399.51
0.00562  1399.51
0.00564  1399.51
0.00566  1399.51
0.00568  1399.51
0.0057  1399.51
0.00572  1399.51
0.00574  1399.51
0.00576  1399.51
0.00578  1399.51
0.0058  1399.51
0.00582  1399.51
0.00584  1399.51
0.00586  1399.51
0.00588  1399.51
0.0059  1399.51
0.00592  1399.51
0.00594  1399.51
0.00596  1399.51
0.00598  1399.51
0.006  1399.51
0.00602  1399.51
0.00604  1399.51
0.00606  1399.51
0.00608  1399.51
0.0061  1399.51
0.00612  1399.51
0.00614  1399.51
0.00616  1399.51
0.00618  1399.51
0.0062  1399.51
0.00622  1399.51
0.00624  1399.51
0.00626  1399.51
0.00628  1399.51
0.0063  1399.51
0.00632  1399.51
0.00634  1399.51
0.00636  1399.51
0.00638  1399.51
0.0064  1399.51
0.00642  1399.51
0.00644  1399.51
0.00646  1399.51
0.00648  1399.51
0.0065  1399.51
0.00652  1399.51
0.00654  1399.51
0.00656  1399.51
0.00658  1399.51
0.0066  1399.51
0.00662  1399.51
0.00664  1399.51
0.00666  1399.51
0.00668  1399.51
0.0067  1399.51
0.00672  1399.51
0.00674  1399.51
0.00676  1399.51
0.00678  1399.51
0.0068  1399.51
0.00682  1399.51
0.00684  1399.51
0.00686  1399.51
0.00688  1399.51
0.0069  1399.51
0.00692  1399.51
0.00694  1399.51
0.00696  1399.51
0.00698  1399.51
0.007  1399.51
0.00702  1399.51
0.00704  1399.51
0.00706  1399.51
0.00708  1399.51
0.0071  1399.51
0.00712  1399.51
0.00714  1399.51
0.00716  1399.51
0.00718  1399.51
0.0072  1399.51
0.00722  1399.51
0.00724  1399.51
0.00726  1399.51
0.00728  1399.51
0.0073  1399.51
0.00732  1399.51
0.00734  1399.51
0.00736  1399.51
0.00738  1399.51
0.0074  1399.51
0.00742  1399.51
0.00744  1399.51
0.00746  1399.51
0.00748  1399.51
0.0075  1399.51
0.00752  1399.51
0.00754  1399.51
0.00756  1399.51
0.00758  1399.51
0.0076  1399.51
0.00762  1399.51
0.00764  1399.51
0.00766  1399.51
0.00768  1399.51
0.0077  1399.51
0.00772  1399.51
0.00774  1399.51
0.00776  1399.51
0.00778  1399.51
0.0078  1399.51
0.00782  1399.51
0.00784  1399.51
0.00786  1399.51
0.00788  1399.51
0.0079  1399.51
0.00792  1399.51
0.00794  1399.51
0.00796  1399.51
0.00798  1399.51
0.008  1399.51
0.00802  1399.51
0.00804  1399.51
0.00806  1399.51
0.00808  1399.51
0.0081  1399.51
0.00812  1399.51
0.00814  1399.51
0.00816  1399.51
0.00818  1399.51
0.0082  1399.51
0.00822  1399.51
0.00824  1399.51
0.00826  1399.51
0.00828  1399.51
0.0083  1399.51
0.00832  1399.51
0.00834  1399.51
0.00836  1399.51
0.00838  1399.51
0.0084  1399.51
0.00842  1399.51
0.00844  1399.51
0.00846  1399.51
0.00848  1399.51
0.0085  1399.51
0.00852  1399.51
0.00854  1399.51
0.00856  1399.51
0.00858  1399.51
0.0086  1399.51
0.00862  1399.51
0.00864  1399.51
0.00866  1399.51
0.00868  1399.51
0.0087  1399.51
0.00872  1399.51
0.00874  1399.51
0.00876  1399.51
0.00878  1399.51
0.0088  1399.51
0.00882  1399.51
0.00884  1399.51
0.00886  1399.51
0.00888  1399.51
0.0089  1399.51
0.00892  1399.51
0.00894  1399.51
0.00896  1399.51
0.00898  1399.51
0.009  1399.51
0.00902  1399.51
0.00904  1399.51
0.00906  1399.51
0.00908  1399.51
0.0091  1399.51
0.00912  1399.51
0.00914  1399.51
0.00916  1399.51
0.00918  1399.51
0.0092  1399.51
0.00922  1399.51
0.00924  1399.51
0.00926  1399.51
0.00928  1399.51
0.0093  1399.51
0.00932  1399.51
0.00934  1399.51
0.00936  1399.51
0.00938  1399.51
0.0094  1399.51
0.00942  1399.51
0.00944  1399.51
0.00946  1399.51
0.00948  1399.51
0.0095  1399.51
0.00952  1399.51
0.00954  1399.51
0.00956  1399.51
0.00958  1399.51
0.0096  1399.51
0.00962  1399.51
0.00964  1399.51
0.00966  1399.51
0.00968  1399.51
0.0097  1399.51
0.00972  1399.51
0.00974  1399.51
0.00976  1399.51
0.00978  1399.51
0.0098  1399.51
0.00982  1399.51
0.00984  1399.51
0.00986  1399.51
0.00988  1399.51
0.0099  1399.51
0.00992  1399.51
0.00994  1399.51
0.00996  1399.51
0.00998  1399.51
0.01  1399.51
0.01002  1399.51
0.01004  1399.51
0.01006  1399.51
0.01008  1399.51
0.0101  1399.51
0.01012  1399.51
0.01014  1399.51
0.01016  1399.51
0.01018  1399.51
0.0102  1399.51
0.01022  1399.51
0.01024  1399.51
0.01026  1399.51
0.01028  1399.51
0.0103  1399.51
0.01032  1399.51
0.01034  1399.51
0.01036  1399.51
0.01038  1399.51
0.0104  1399.51
0.01042  1399.51
0.01044  1399.51
0.01046  1399.51
0.01048  1399.51
0.0105  1399.51
0.01052  1399.51
0.01054  1399.51
0.01056  1399.51
0.01058  1399.51
0.0106  1399.51
0.01062  1399.51
0.01064  1399.51
0.01066  1399.51
0.01068  1399.51
0.0107  1399.51
0.01072  1399.51
0.01074  1399.51
0.01076  1399.51
0.01078  1399.51
0.0108  1399.51
0.01082  1399.51
0.01084  1399.51
0.01086  1399.51
0.01088  1399.51
0.0109  1399.51
0.01092  1399.51
0.01094  1399.51
0.01096  1399.51
0.01098  1399.51
0.011  1399.51
0.01102  1399.51
0.01104  1399.51
0.01106  1399.51
0.01108  1399.51
0.0111  1399.51
0.01112  1399.51
0.01114  1399.51
0.01116  1399.51
0.01118  1399.51
0.0112  1399.51
0.01122  1399.51
0.01124  1399.51
0.01126  1399.51
0.01128  1399.51
0.0113  1399.51
0.01132  1399.51
0.01134  1399.51
0.01136  1399.51
0.01138  1399.51
0.0114  1399.51
0.01142  1399.51
0.01144  1399.51
0.01146  1399.51
0.01148  1399.51
0.0115  1399.51
0.01152  1399.51
0.01154  1399.51
0.01156  1399.51
0.01158  1399.51
0.0116  1399.51
0.01162  1399.51
0.01164  1399.51
0.01166  1399.51
0.01168  1399.51
0.0117  1399.51
0.01172  1399.51
0.01174  1399.51
0.01176  1399.51
0.01178  1399.51
0.0118  1399.51
0.01182  1399.51
0.01184  1399.51
0.01186  1399.51
0.01188  1399.51
0.0119  1399.51
0.01192  1399.51
0.01194  1399.51
0.01196  1399.51
0.01198  1399.51
0.012  1399.51
0.01202  1399.51
0.01204  1399.51
0.01206  1399.51
0.01208  1399.51
0.0121  1399.51
0.01212  1399.51
0.01214  1399.51
0.01216  1399.51
0.01218  1399.51
0.0122  1399.51
0.01222  1399.51
0.01224  1399.51
0.01226  1399.51
0.01228  1399.51
0.0123  1399.51
0.01232  1399.51
0.01234  1399.51
0.01236  1399.51
0.01238  1399.51
0.0124  1399.51
0.01242  1399.51
0.01244  1399.51
0.01246  1399.51
0.01248  1399.51
0.0125  1399.51
0.01252  1399.51
0.01254  1399.51
0.01256  1399.51
0.01258  1399.51
0.0126  1399.51
0.01262  1399.51
0.01264  1399.51
0.01266  1399.51
0.01268  1399.51
0.0127  1399.51
0.01272  1399.51
0.01274  1399.51
0.01276  1399.51
0.01278  1399.51
0.0128  1399.51
0.01282  1399.51
0.01284  1399.51
0.01286  1399.51
0.01288  1399.51
0.0129  1399.51
0.01292  1399.51
0.01294  1399.51
0.01296  1399.51
0.01298  1399.51
0.013  1399.51
0.01302  1399.51
0.01304  1399.51
0.01306  1399.51
0.01308  1399.51
0.0131  1399.51
0.01312  1399.51
0.01314  1399.51
0.01316  1399.51
0.01318  1399.51
0.0132  1399.51
0.01322  1399.51
0.01324  1399.51
0.01326  1399.51
0.01328  1399.51
0.0133  1399.51
0.01332  1399.51
0.01334  1399.51
0.01336  1399.51
0.01338  1399.51
0.0134  1399.51
0.01342  1399.51
0.01344  1399.51
0.01346  1399.51
0.01348  1399.51
0.0135  1399.51
0.01352  1399.51
0.01354  1399.51
0.01356  1399.51
0.01358  1399.51
0.0136  1399.51
0.01362  1399.51
0.01364  1399.51
0.01366  1399.51
0.01368  1399.51
0.0137  1399.51
0.01372  1399.51
0.01374  1399.51
0.01376  1399.51
0.01378  1399.51
0.0138  1399.51
0.01382  1399.51
0.01384  1399.51
0.01386  1399.51
0.01388  1399.51
0.0139  1399.51
0.01392  1399.51
0.01394  1399.51
0.01396  1399.51
0.01398  1399.51
0.014  1399.51
0.01402  1399.51
0.01404  1399.51
0.01406  1399.51
0.01408  1399.51
0.0141  1399.51
0.01412  1399.51
0.01414  1399.51
0.01416  1399.51
0.01418  1399.51
0.0142  1399.51
0.01422  1399.51
0.01424  1399.51
0.01426  1399.51
0.01428  1399.51
0.0143  1399.51
0.01432  1399.51
0.01434  1399.51
0.01436  1399.51
0.01438  1399.51
0.0144  1399.51
0.01442  1399.51
0.01444  1399.51
0.01446  1399.51
0.01448  1399.51
0.0145  1399.51
0.01452  1399.51
0.01454  1399.51
0.01456  1399.51
0.01458  1399.51
0.0146  1399.51
0.01462  1399.51
0.01464  1399.51
0.01466  1399.51
0.01468  1399.51
0.0147  1399.51
0.01472  1399.51
0.01474  1399.51
0.01476  1399.51
0.01478  1399.51
0.0148  1399.51
0.01482  1399.51
0.01484  1399.51
0.01486  1399.51
0.01488  1399.51
0.0149  1399.51
0.01492  1399.51
0.01494  1399.51
0.01496  1399.51
0.01498  1399.51
0.015  1399.51
0.01502  1399.51
0.01504  1399.51
0.01506  1399.51
0.01508  1399.51
0.0151  1399.51
0.01512  1399.51
0.01514  1399.51
0.01516  1399.51
0.01518  1399.51
0.0152  1399.51
0.01522  1399.51
0.01524  1399.51
0.01526  1399.51
0.01528  1399.51
0.0153  1399.51
0.01532  1399.51
0.01534  1399.51
0.01536  1399.51
0.01538  1399.51
0.0154  1399.51
0.01542  1399.51
0.01544  1399.51
0.01546  1399.51
0.01548  1399.51
0.0155  1399.51
0.01552  1399.51
0.01554  1399.51
0.01556  1399.51
0.01558  1399.51
0.0156  1399.51
0.01562  1399.51
0.01564  1399.51
0.01566  1399.51
0.01568  1399.51
0.0157  1399.51
0.01572  1399.51
0.01574  1399.51
0.01576  1399.51
0.01578  1399.51
0.0158  1399.51
0.01582  1399.51
0.01584  1399.51
0.01586  1399.51
0.01588  1399.51
0.0159  1399.51
0.01592  1399.51
0.01594  1399.51
0.01596  1399.51
0.01598  1399.51
0.016  1399.51
0.01602  1399.51
0.01604  1399.51
0.01606  1399.51
0.01608  1399.51
0.0161  1399.51
0.01612  1399.51
0.01614  1399.51
0.01616  1399.51
0.01618  1399.51
0.0162  1399.51
0.01622  1399.51
0.01624  1399.51
0.01626  1399.51
0.01628  1399.51
0.0163  1399.51
0.01632  1399.51
0.01634  1399.51
0.01636  1399.51
0.01638  1399.51
0.0164  1399.51
0.01642  1399.51
0.01644  1399.51
0.01646  1399.51
0.01648  1399.51
0.0165  1399.51
0.01652  1399.51
0.01654  1399.51
0.01656  1399.51
0.01658  1399.51
0.0166  1399.51
0.01662  1399.51
0.01664  1399.51
0.01666  1399.51
0.01668  1399.51
0.0167  1399.51
0.01672  1399.51
0.01674  1399.51
0.01676  1399.51
0.01678  1399.51
0.0168  1399.51
0.01682  1399.51
0.01684  1399.51
0.01686  1399.51
0.01688  1399.51
0.0169  1399.51
0.01692  1399.51
0.01694  1399.51
0.01696  1399.51
0.01698  1399.51
0.017  1399.51
0.01702  1399.51
0.01704  1399.51
0.01706  1399.51
0.01708  1399.51
0.0171  1399.51
0.01712  1399.51
0.01714  1399.51
0.01716  1399.51
0.01718  1399.51
0.0172  1399.51
0.01722  1399.51
0.01724  1399.51
0.01726  1399.51
0.01728  1399.51
0.0173  1399.51
0.01732  1399.51
0.01734  1399.51
0.01736  1399.51
0.01738  1399.51
0.0174  1399.51
0.01742  1399.51
0.01744  1399.51
0.01746  1399.51
0.01748  1399.51
0.0175  1399.51
0.01752  1399.51
0.01754  1399.51
0.01756  1399.51
0.01758  1399.51
0.0176  1399.51
0.01762  1399.51
0.01764  1399.51
0.01766  1399.51
0.01768  1399.51
0.0177  1399.51
0.01772  1399.51
0.01774  1399.51
0.01776  1399.51
0.01778  1399.51
0.0178  1399.51
0.01782  1399.51
0.01784  1399.51
0.01786  1399.51
0.01788  1399.51
0.0179  1399.51
0.01792  1399.51
0.01794  1399.51
0.01796  1399.51
0.01798  1399.51
0.018  1399.51
0.01802  1399.51
0.01804  1399.51
0.01806  1399.51
0.01808  1399.51
0.0181  1399.51
0.01812  1399.51
0.01814  1399.51
0.01816  1399.51
0.01818  1399.51
0.0182  1399.51
0.01822  1399.51
0.01824  1399.51
0.01826  1399.51
0.01828  1399.51
0.0183  1399.51
0.01832  1399.51
0.01834  1399.51
0.01836  1399.51
0.01838  1399.51
0.0184  1399.51
0.01842  1399.51
0.01844  1399.51
0.01846  1399.51
0.01848  1399.51
0.0185  1399.51
0.01852  1399.51
0.01854  1399.51
0.01856  1399.51
0.01858  1399.51
0.0186  1399.51
0.01862  1399.51
0.01864  1399.51
0.01866  1399.51
0.01868  1399.51
0.0187  1399.51
0.01872  1399.51
0.01874  1399.51
0.01876  1399.51
0.01878  1399.51
0.0188  1399.51
0.01882  1399.51
0.01884  1399.51
0.01886  1399.51
0.01888  1399.51
0.0189  1399.51
0.01892  1399.51
0.01894  1399.51
0.01896  1399.51
0.01898  1399.51
0.019  1399.51
0.01902  1399.51
0.01904  1399.51
0.01906  1399.51
0.01908  1399.51
0.0191  1399.51
0.01912  1399.51
0.01914  1399.51
0.01916  1399.51
0.01918  1399.51
0.0192  1399.51
0.01922  1399.51
0.01924  1399.51
0.01926  1399.51
0.01928  1399.51
0.0193  1399.51
0.01932  1399.51
0.01934  1399.51
0.01936  1399.51
0.01938  1399.51
0.0194  1399.51
0.01942  1399.51
0.01944  1399.51
0.01946  1399.51
0.01948  1399.51
0.0195  1399.51
0.01952  1399.51
0.01954  1399.51
0.01956  1399.51
0.01958  1399.51
0.0196  1399.51
0.01962  1399.51
0.01964  1399.51
0.01966  1399.51
0.01968  1399.51
0.0197  1399.51
0.01972  1399.51
0.01974  1399.51
0.01976  1399.51
0.01978  1399.51
0.0198  1399.51
0.01982  1399.51
0.01984  1399.51
0.01986  1399.51
0.01988  1399.51
0.0199  1399.51
0.01992  1399.51
0.01994  1399.51
0.01996  1399.51
0.01998  1399.51
0.02  1399.510000
0.02002  1399.510000
0.02004  1399.510000
0.02006  1399.510000
0.02008  1399.510000
0.0201  1399.510000
0.02012  1399.510000
0.02014  1399.510000
0.02016  1399.510000
0.02018  1399.510000
0.0202  1399.510000
0.02022  1399.510000
0.02024  1399.510000
0.02026  1352.760000
0.02028  1276.970000
0.0203  1190.870000
0.02032  1095.530000
0.02034  965.160000
0.02036  795.044000
0.02038  598.941000
0.0204  408.208000
0.02042  255.366000
0.02044  152.794000
0.02046  92.496100
0.02048  60.087400
0.0205  44.153900
0.02052  38.180400
0.02054  39.649800
0.02056  49.216200
0.02058  70.823900
0.0206  112.116000
0.02062  182.895000
0.02064  288.796000
0.02066  422.624000
0.02068  564.194000
0.0207  692.375000
0.02072  797.792000
0.02074  852.897000
0.02076  906.284000
0.02078  957.556000
0.0208  1006.400000
0.02082  1052.600000
0.02084  1096.000000
0.02086  1136.550000
0.02088  1174.220000
0.0209  1209.060000
0.02092  1241.150000
0.02094  1270.600000
0.02096  1297.550000
0.02098  1322.130000
0.021  1344.500000
0.02102  1364.800000
0.02104  1383.190000
0.02106  1399.790000
0.02108  1399.510000
0.0211  1399.510000
0.02112  1399.510000
0.02114  1399.510000
0.02116  1399.510000
0.02118  1399.510000
0.0212  1399.510000
0.02122  1399.510000
0.02124  1399.510000
0.02126  1399.510000
0.02128  1399.510000
0.0213  1399.510000
0.02132  1399.510000
0.02134  1399.510000
0.02136  1399.510000
0.02138  1399.510000
0.0214  1399.510000
0.02142  1399.510000
0.02144  1399.510000
0.02146  1399.510000
0.02148  1399.510000
0.0215  1399.510000
0.02152  1399.510000
0.02154  1399.510000
0.02156  1399.510000
0.02158  1399.510000
0.0216  1399.510000
0.02162  1399.510000
0.02164  1399.510000
0.02166  1399.510000
0.02168  1399.510000
0.0217  1399.510000
0.02172  1399.510000
0.02174  1399.510000
0.02176  1399.510000
0.02178  1399.510000
0.0218  1399.510000
0.02182  1399.510000
0.02184  1399.510000
0.02186  1399.510000
0.02188  1399.510000
0.0219  1399.510000
0.02192  1399.510000
0.02194  1399.510000
0.02196  1399.510000
0.02198  1399.510000
0.022  1399.510000
0.02202  1399.510000
0.02204  1399.510000
0.02206  1399.510000
0.02208  1399.510000
0.0221  1399.510000
0.02212  1399.510000
0.02214  1399.510000
0.02216  1399.510000
0.02218  1399.510000
0.0222  1399.510000
0.02222  1399.510000
0.02224  1399.510000
0.02226  1399.510000
0.02228  1399.510000
0.0223  1399.510000
0.02232  1399.510000
0.02234  1399.510000
0.02236  1399.510000
0.02238  1399.510000
0.0224  1399.510000
0.02242  1399.510000
0.02244  1399.510000
0.02246  1399.510000
0.02248  1399.510000
0.0225  1399.510000
0.02252  1399.510000
0.02254  1399.510000
0.02256  1399.510000
0.02258  1399.510000
0.0226  1399.510000
0.02262  1399.510000
0.02264  1399.510000
0.02266  1399.510000
0.02268  1399.510000
0.0227  1399.510000
0.02272  1399.510000
0.02274  1399.510000
0.02276  1399.510000
0.02278  1399.510000
0.0228  1399.510000
0.02282  1399.510000
0.02284  1399.510000
0.02286  1399.510000
0.02288  1399.510000
0.0229  1399.510000
0.02292  1399.510000
0.02294  1399.510000
0.02296  1399.510000
0.02298  1399.510000
0.023  1399.510000
0.02302  1399.51
0.02304  1399.51
0.02306  1399.51
0.02308  1399.51
0.0231  1399.51
0.02312  1399.51
0.02314  1399.51
0.02316  1399.51
0.02318  1399.51
0.0232  1399.51
0.02322  1399.51
0.02324  1399.51
0.02326  1399.51
0.02328  1399.51
0.0233  1399.51
0.02332  1399.51
0.02334  1399.51
0.02336  1399.51
0.02338  1399.51
0.0234  1399.51
0.02342  1399.51
0.02344  1399.51
0.02346  1399.51
0.02348  1399.51
0.0235  1399.51
0.02352  1399.51
0.02354  1399.51
0.02356  1399.51
0.02358  1399.51
0.0236  1399.51
0.02362  1399.51
0.02364  1399.51
0.02366  1399.51
0.02368  1399.51
0.0237  1399.51
0.02372  1399.51
0.02374  1399.51
0.02376  1399.51
0.02378  1399.51
0.0238  1399.51
0.02382  1399.51
0.02384  1399.51
0.02386  1399.51
0.02388  1399.51
0.0239  1399.51
0.02392  1399.51
0.02394  1399.51
0.02396  1399.51
0.02398  1399.51
0.024  1399.51
0.02402  1399.51
0.02404  1399.51
0.02406  1399.51
0.02408  1399.51
0.0241  1399.51
0.02412  1399.51
0.02414  1399.51
0.02416  1399.51
0.02418  1399.51
0.0242  1399.51
0.02422  1399.51
0.02424  1399.51
0.02426  1399.51
0.02428  1399.51
0.0243  1399.51
0.02432  1399.51
0.02434  1399.51
0.02436  1399.51
0.02438  1399.51
0.0244  1399.51
0.02442  1399.51
0.02444  1399.51
0.02446  1399.51
0.02448  1399.51
0.0245  1399.51
0.02452  1399.51
0.02454  1399.51
0.02456  1399.51
0.02458  1399.51
0.0246  1399.51
0.02462  1399.51
0.02464  1399.51
0.02466  1399.51
0.02468  1399.51
0.0247  1399.51
0.02472  1399.51
0.02474  1399.51
0.02476  1399.51
0.02478  1399.51
0.0248  1399.51
0.02482  1399.51
0.02484  1399.51
0.02486  1399.51
0.02488  1399.51
0.0249  1399.51
0.02492  1399.51
0.02494  1399.51
0.02496  1399.51
0.02498  1399.51
0.025  1399.51
0.02502  1399.51
0.02504  1399.51
0.02506  1399.51
0.02508  1399.51
0.0251  1399.51
0.02512  1399.51
0.02514  1399.51
0.02516  1399.51
0.02518  1399.51
0.0252  1399.51
0.02522  1399.51
0.02524  1399.51
0.02526  1399.51
0.02528  1399.51
0.0253  1399.51
0.02532  1399.51
0.02534  1399.51
0.02536  1399.51
0.02538  1399.51
0.0254  1399.51
0.02542  1399.51
0.02544  1399.51
0.02546  1399.51
0.02548  1399.51
0.0255  1399.51
0.02552  1399.51
0.02554  1399.51
0.02556  1399.51
0.02558  1399.51
0.0256  1399.51
0.02562  1399.51
0.02564  1399.51
0.02566  1399.51
0.02568  1399.51
0.0257  1399.51
0.02572  1399.51
0.02574  1399.51
0.02576  1399.51
0.02578  1399.51
0.0258  1399.51
0.02582  1399.51
0.02584  1399.51
0.02586  1399.51
0.02588  1399.51
0.0259  1399.51
0.02592  1399.51
0.02594  1399.51
0.02596  1399.51
0.02598  1399.51
0.026  1399.51
0.02602  1399.51
0.02604  1399.51
0.02606  1399.51
0.02608  1399.51
0.0261  1399.51
0.02612  1399.51
0.02614  1399.51
0.02616  1399.51
0.02618  1399.51
0.0262  1399.51
0.02622  1399.51
0.02624  1399.51
0.02626  1399.51
0.02628  1399.51
0.0263  1399.51
0.02632  1399.51
0.02634  1399.51
0.02636  1399.51
0.02638  1399.51
0.0264  1399.51
0.02642  1399.51
0.02644  1399.51
0.02646  1399.51
0.02648  1399.51
0.0265  1399.51
0.02652  1399.51
0.02654  1399.51
0.02656  1399.51
0.02658  1399.51
0.0266  1399.51
0.02662  1399.51
0.02664  1399.51
0.02666  1399.51
0.02668  1399.51
0.0267  1399.51
0.02672  1399.51
0.02674  1399.51
0.02676  1399.51
0.02678  1399.51
0.0268  1399.51
0.02682  1399.51
0.02684  1399.51
0.02686  1399.51
0.02688  1399.51
0.0269  1399.51
0.02692  1399.51
0.02694  1399.51
0.02696  1399.51
0.02698  1399.51
0.027  1399.51
0.02702  1399.51
0.02704  1399.51
0.02706  1399.51
0.02708  1399.51
0.0271  1399.51
0.02712  1399.51
0.02714  1399.51
0.02716  1399.51
0.02718  1399.51
0.0272  1399.51
0.02722  1399.51
0.02724  1399.51
0.02726  1399.51
0.02728  1399.51
0.0273  1399.51
0.02732  1399.51
0.02734  1399.51
0.02736  1399.51
0.02738  1399.51
0.0274  1399.51
0.02742  1399.51
0.02744  1399.51
0.02746  1399.51
0.02748  1399.51
0.0275  1399.51
0.02752  1399.51
0.02754  1399.51
0.02756  1399.51
0.02758  1399.51
0.0276  1399.51
0.02762  1399.51
0.02764  1399.51
0.02766  1399.51
0.02768  1399.51
0.0277  1399.51
0.02772  1399.51
0.02774  1399.51
0.02776  1399.51
0.02778  1399.51
0.0278  1399.51
0.02782  1399.51
0.02784  1399.51
0.02786  1399.51
0.02788  1399.51
0.0279  1399.51
0.02792  1399.51
0.02794  1399.51
0.02796  1399.51
0.02798  1399.51
0.028  1399.51
0.02802  1399.51
0.02804  1399.51
0.02806  1399.51
0.02808  1399.51
0.0281  1399.51
0.02812  1399.51
0.02814  1399.51
0.02816  1399.51
0.02818  1399.51
0.0282  1399.51
0.02822  1399.51
0.02824  1399.51
0.02826  1399.51
0.02828  1399.51
0.0283  1399.51
0.02832  1399.51
0.02834  1399.51
0.02836  1399.51
0.02838  1399.51
0.0284  1399.51
0.02842  1399.51
0.02844  1399.51
0.02846  1399.51
0.02848  1399.51
0.0285  1399.51
0.02852  1399.51
0.02854  1399.51
0.02856  1399.51
0.02858  1399.51
0.0286  1399.51
0.02862  1399.51
0.02864  1399.51
0.02866  1399.51
0.02868  1399.51
0.0287  1399.51
0.02872  1399.51
0.02874  1399.51
0.02876  1399.51
0.02878  1399.51
0.0288  1399.51
0.02882  1399.51
0.02884  1399.51
0.02886  1399.51
0.02888  1399.51
0.0289  1399.51
0.02892  1399.51
0.02894  1399.51
0.02896  1399.51
0.02898  1399.51
0.029  1399.51
0.02902  1399.51
0.02904  1399.51
0.02906  1399.51
0.02908  1399.51
0.0291  1399.51
0.02912  1399.51
0.02914  1399.51
0.02916  1399.51
0.02918  1399.51
0.0292  1399.51
0.02922  1399.51
0.02924  1399.51
0.02926  1399.51
0.02928  1399.51
0.0293  1399.51
0.02932  1399.51
0.02934  1399.51
0.02936  1399.51
0.02938  1399.51
0.0294  1399.51
0.02942  1399.51
0.02944  1399.51
0.02946  1399.51
0.02948  1399.51
0.0295  1399.51
0.02952  1399.51
0.02954  1399.51
0.02956  1399.51
0.02958  1399.51
0.0296  1399.51
0.02962  1399.51
0.02964  1399.51
0.02966  1399.51
0.02968  1399.51
0.0297  1399.51
0.02972  1399.51
0.02974  1399.51
0.02976  1399.51
0.02978  1399.51
0.0298  1399.51
0.02982  1399.51
0.02984  1399.51
0.02986  1399.51
0.02988  1399.51
0.0299  1399.51
0.02992  1399.51
0.02994  1399.51
0.02996  1399.51
0.02998  1399.51
0.03  1399.51
0.03002  1399.51
0.03004  1399.51
0.03006  1399.51
0.03008  1399.51
0.0301  1399.51
0.03012  1399.51
0.03014  1399.51
0.03016  1399.51
0.03018  1399.51
0.0302  1399.51
0.03022  1399.51
0.03024  1399.51
0.03026  1399.51
0.03028  1399.51
0.0303  1399.51
0.03032  1399.51
0.03034  1399.51
0.03036  1399.51
0.03038  1399.51
0.0304  1399.51
0.03042  1399.51
0.03044  1399.51
0.03046  1399.51
0.03048  1399.51
0.0305  1399.51
0.03052  1399.51
0.03054  1399.51
0.03056  1399.51
0.03058  1399.51
0.0306  1399.51
0.03062  1399.51
0.03064  1399.51
0.03066  1399.51
0.03068  1399.51
0.0307  1399.51
0.03072  1399.51
0.03074  1399.51
0.03076  1399.51
0.03078  1399.51
0.0308  1399.51
0.03082  1399.51
0.03084  1399.51
0.03086  1399.51
0.03088  1399.51
0.0309  1399.51
0.03092  1399.51
0.03094  1399.51
0.03096  1399.51
0.03098  1399.51
0.031  1399.51
0.03102  1399.51
0.03104  1399.51
0.03106  1399.51
0.03108  1399.51
0.0311  1399.51
0.03112  1399.51
0.03114  1399.51
0.03116  1399.51
0.03118  1399.51
0.0312  1399.51
0.03122  1399.51
0.03124  1399.51
0.03126  1399.51
0.03128  1399.51
0.0313  1399.51
0.03132  1399.51
0.03134  1399.51
0.03136  1399.51
0.03138  1399.51
0.0314  1399.51
0.03142  1399.51
0.03144  1399.51
0.03146  1399.51
0.03148  1399.51
0.0315  1399.51
0.03152  1399.51
0.03154  1399.51
0.03156  1399.51
0.03158  1399.51
0.0316  1399.51
0.03162  1399.51
0.03164  1399.51
0.03166  1399.51
0.03168  1399.51
0.0317  1399.51
0.03172  1399.51
0.03174  1399.51
0.03176  1399.51
0.03178  1399.51
0.0318  1399.51
0.03182  1399.51
0.03184  1399.51
0.03186  1399.51
0.03188  1399.51
0.0319  1399.51
0.03192  1399.51
0.03194  1399.51
0.03196  1399.51
0.03198  1399.51
0.032  1399.51
0.03202  1399.51
0.03204  1399.51
0.03206  1399.51
0.03208  1399.51
0.0321  1399.51
0.03212  1399.51
0.03214  1399.51
0.03216  1399.51
0.03218  1399.51
0.0322  1399.51
0.03222  1399.51
0.03224  1399.51
0.03226  1399.51
0.03228  1399.51
0.0323  1399.51
0.03232  1399.51
0.03234  1399.51
0.03236  1399.51
0.03238  1399.51
0.0324  1399.51
0.03242  1399.51
0.03244  1399.51
0.03246  1399.51
0.03248  1399.51
0.0325  1399.51
0.03252  1399.51
0.03254  1399.51
0.03256  1399.51
0.03258  1399.51
0.0326  1399.51
0.03262  1399.51
0.03264  1399.51
0.03266  1399.51
0.03268  1399.51
0.0327  1399.51
0.03272  1399.51
0.03274  1399.51
0.03276  1399.51
0.03278  1399.51
0.0328  1399.51
0.03282  1399.51
0.03284  1399.51
0.03286  1399.51
0.03288  1399.51
0.0329  1399.51
0.03292  1399.51
0.03294  1399.51
0.03296  1399.51
0.03298  1399.51
0.033  1399.51
0.03302  1399.51
0.03304  1399.51
0.03306  1399.51
0.03308  1399.51
0.0331  1399.51
0.03312  1399.51
0.03314  1399.51
0.03316  1399.51
0.03318  1399.51
0.0332  1399.51
0.03322  1399.51
0.03324  1399.51
0.03326  1399.51
0.03328  1399.51
0.0333  1399.51
0.03332  1399.51
0.03334  1399.51
0.03336  1399.51
0.03338  1399.51
0.0334  1399.51
0.03342  1399.51
0.03344  1399.51
0.03346  1399.51
0.03348  1399.51
0.0335  1399.51
0.03352  1399.51
0.03354  1399.51
0.03356  1399.51
0.03358  1399.51
0.0336  1399.51
0.03362  1399.51
0.03364  1399.51
0.03366  1399.51
0.03368  1399.51
0.0337  1399.51
0.03372  1399.51
0.03374  1399.51
0.03376  1399.51
0.03378  1399.51
0.0338  1399.51
0.03382  1399.51
0.03384  1399.51
0.03386  1399.51
0.03388  1399.51
0.0339  1399.51
0.03392  1399.51
0.03394  1399.51
0.03396  1399.51
0.03398  1399.51
0.034  1399.51
0.03402  1399.51
0.03404  1399.51
0.03406  1399.51
0.03408  1399.51
0.0341  1399.51
0.03412  1399.51
0.03414  1399.51
0.03416  1399.51
0.03418  1399.51
0.0342  1399.51
0.03422  1399.51
0.03424  1399.51
0.03426  1399.51
0.03428  1399.51
0.0343  1399.51
0.03432  1399.51
0.03434  1399.51
0.03436  1399.51
0.03438  1399.51
0.0344  1399.51
0.03442  1399.51
0.03444  1399.51
0.03446  1399.51
0.03448  1399.51
0.0345  1399.51
0.03452  1399.51
0.03454  1399.51
0.03456  1399.51
0.03458  1399.51
0.0346  1399.51
0.03462  1399.51
0.03464  1399.51
0.03466  1399.51
0.03468  1399.51
0.0347  1399.51
0.03472  1399.51
0.03474  1399.51
0.03476  1399.51
0.03478  1399.51
0.0348  1399.51
0.03482  1399.51
0.03484  1399.51
0.03486  1399.51
0.03488  1399.51
0.0349  1399.51
0.03492  1399.51
0.03494  1399.51
0.03496  1399.51
0.03498  1399.51
0.035  1399.51
0.03502  1399.51
0.03504  1399.51
0.03506  1399.51
0.03508  1399.51
0.0351  1399.51
0.03512  1399.51
0.03514  1399.51
0.03516  1399.51
0.03518  1399.51
0.0352  1399.51
0.03522  1399.51
0.03524  1399.51
0.03526  1399.51
0.03528  1399.51
0.0353  1399.51
0.03532  1399.51
0.03534  1399.51
0.03536  1399.51
0.03538  1399.51
0.0354  1399.51
0.03542  1399.51
0.03544  1399.51
0.03546  1399.51
0.03548  1399.51
0.0355  1399.51
0.03552  1399.51
0.03554  1399.51
0.03556  1399.51
0.03558  1399.51
0.0356  1399.51
0.03562  1399.51
0.03564  1399.51
0.03566  1399.51
0.03568  1399.51
0.0357  1399.51
0.03572  1399.51
0.03574  1399.51
0.03576  1399.51
0.03578  1399.51
0.0358  1399.51
0.03582  1399.51
0.03584  1399.51
0.03586  1399.51
0.03588  1399.51
0.0359  1399.51
0.03592  1399.51
0.03594  1399.51
0.03596  1399.51
0.03598  1399.51
0.036  1399.51
0.03602  1399.51
0.03604  1399.51
0.03606  1399.51
0.03608  1399.51
0.0361  1399.51
0.03612  1399.51
0.03614  1399.51
0.03616  1399.51
0.03618  1399.51
0.0362  1399.51
0.03622  1399.51
0.03624  1399.51
0.03626  1399.51
0.03628  1399.51
0.0363  1399.51
0.03632  1399.51
0.03634  1399.51
0.03636  1399.51
0.03638  1399.51
0.0364  1399.51
0.03642  1399.51
0.03644  1399.51
0.03646  1399.51
0.03648  1399.51
0.0365  1399.51
0.03652  1399.51
0.03654  1399.51
0.03656  1399.51
0.03658  1399.51
0.0366  1399.51
0.03662  1399.51
0.03664  1399.51
0.03666  1399.51
0.03668  1399.51
0.0367  1399.51
0.03672  1399.51
0.03674  1399.51
0.03676  1399.51
0.03678  1399.51
0.0368  1399.51
0.03682  1399.51
0.03684  1399.51
0.03686  1399.51
0.03688  1399.51
0.0369  1399.51
0.03692  1399.51
0.03694  1399.51
0.03696  1399.51
0.03698  1399.51
0.037  1399.51
0.03702  1399.51
0.03704  1399.51
0.03706  1399.51
0.03708  1399.51
0.0371  1399.51
0.03712  1399.51
0.03714  1399.51
0.03716  1399.51
0.03718  1399.51
0.0372  1399.51
0.03722  1399.51
0.03724  1399.51
0.03726  1399.51
0.03728  1399.51
0.0373  1399.51
0.03732  1399.51
0.03734  1399.51
0.03736  1399.51
0.03738  1399.51
0.0374  1399.51
0.03742  1399.51
0.03744  1399.51
0.03746  1399.51
0.03748  1399.51
0.0375  1399.51
0.03752  1399.51
0.03754  1399.51
0.03756  1399.51
0.03758  1399.51
0.0376  1399.51
0.03762  1399.51
0.03764  1399.51
0.03766  1399.51
0.03768  1399.51
0.0377  1399.51
0.03772  1399.51
0.03774  1399.51
0.03776  1399.51
0.03778  1399.51
0.0378  1399.51
0.03782  1399.51
0.03784  1399.51
0.03786  1399.51
0.03788  1399.51
0.0379  1399.51
0.03792  1399.51
0.03794  1399.51
0.03796  1399.51
0.03798  1399.51
0.038  1399.51
0.03802  1399.51
0.03804  1399.51
0.03806  1399.51
0.03808  1399.51
0.0381  1399.51
0.03812  1399.51
0.03814  1399.51
0.03816  1399.51
0.03818  1399.51
0.0382  1399.51
0.03822  1399.51
0.03824  1399.51
0.03826  1399.51
0.03828  1399.51
0.0383  1399.51
0.03832  1399.51
0.03834  1399.51
0.03836  1399.51
0.03838  1399.51
0.0384  1399.51
0.03842  1399.51
0.03844  1399.51
0.03846  1399.51
0.03848  1399.51
0.0385  1399.51
0.03852  1399.51
0.03854  1399.51
0.03856  1399.51
0.03858  1399.51
0.0386  1399.51
0.03862  1399.51
0.03864  1399.51
0.03866  1399.51
0.03868  1399.51
0.0387  1399.51
0.03872  1399.51
0.03874  1399.51
0.03876  1399.51
0.03878  1399.51
0.0388  1399.51
0.03882  1399.51
0.03884  1399.51
0.03886  1399.51
0.03888  1399.51
0.0389  1399.51
0.03892  1399.51
0.03894  1399.51
0.03896  1399.51
0.03898  1399.51
0.039  1399.51
0.03902  1399.51
0.03904  1399.51
0.03906  1399.51
0.03908  1399.51
0.0391  1399.51
0.03912  1399.51
0.03914  1399.51
0.03916  1399.51
0.03918  1399.51
0.0392  1399.51
0.03922  1399.51
0.03924  1399.51
0.03926  1399.51
0.03928  1399.51
0.0393  1399.51
0.03932  1399.51
0.03934  1399.51
0.03936  1399.51
0.03938  1399.51
0.0394  1399.51
0.03942  1399.51
0.03944  1399.51
0.03946  1399.51
0.03948  1399.51
0.0395  1399.51
0.03952  1399.51
0.03954  1399.51
0.03956  1399.51
0.03958  1399.51
0.0396  1399.51
0.03962  1399.51
0.03964  1399.51
0.03966  1399.51
0.03968  1399.51
0.0397  1399.51
0.03972  1399.51
0.03974  1399.51
0.03976  1399.51
0.03978  1399.51
0.0398  1399.51
0.03982  1399.51
0.03984  1399.51
0.03986  1399.51
0.03988  1399.51
0.0399  1399.51
0.03992  1399.51
0.03994  1399.51
0.03996  1399.51
0.03998  1399.51
0.04  1399.510000
0.04002  1399.510000
0.04004  1399.510000
0.04006  1399.510000
0.04008  1399.510000
0.0401  1399.510000
0.04012  1399.510000
0.04014  1399.510000
0.04016  1399.510000
0.04018  1399.510000
0.0402  1399.510000
0.04022  1399.510000
0.04024  1399.510000
0.04026  1352.760000
0.04028  1276.970000
0.0403  1190.870000
0.04032  1095.530000
0.04034  965.160000
0.04036  795.044000
0.04038  598.941000
0.0404  408.208000
0.04042  255.366000
0.04044  152.794000
0.04046  92.496100
0.04048  60.087400
0.0405  44.153900
0.04052  38.180400
0.04054  39.649800
0.04056  49.216200
0.04058  70.823900
0.0406  112.116000
0.04062  182.895000
0.04064  288.796000
0.04066  422.624000
0.04068  564.194000
0.0407  692.375000
0.04072  797.792000
0.04074  852.897000
0.04076  906.284000
0.04078  957.556000
0.0408  1006.400000
0.04082  1052.600000
0.04084  1096.000000
0.04086  1136.550000
0.04088  1174.220000
0.0409  1209.060000
0.04092  1241.150000
0.04094  1270.600000
0.04096  1297.550000
0.04098  1322.130000
0.041  1344.500000
0.04102  1364.800000
0.04104  1383.190000
0.04106  1399.790000
0.04108  1399.510000
0.0411  1399.510000
0.04112  1399.510000
0.04114  1399.510000
0.04116  1399.510000
0.04118  1399.510000
0.0412  1399.510000
0.04122  1399.510000
0.04124  1399.510000
0.04126  1399.510000
0.04128  1399.510000
0.0413  1399.510000
0.04132  1399.510000
0.04134  1399.510000
0.04136  1399.510000
0.04138  1399.510000
0.0414  1399.510000
0.04142  1399.510000
0.04144  1399.510000
0.04146  1399.510000
0.04148  1399.510000
0.0415  1399.510000
0.04152  1399.510000
0.04154  1399.510000
0.04156  1399.510000
0.04158  1399.510000
0.0416  1399.510000
0.04162  1399.510000
0.04164  1399.510000
0.04166  1399.510000
0.04168  1399.510000
0.0417  1399.510000
0.04172  1399.510000
0.04174  1399.510000
0.04176  1399.510000
0.04178  1399.510000
0.0418  1399.510000
0.04182  1399.510000
0.04184  1399.510000
0.04186  1399.510000
0.04188  1399.510000
0.0419  1399.510000
0.04192  1399.510000
0.04194  1399.510000
0.04196  1399.510000
0.04198  1399.510000
0.042  1399.510000
0.04202  1399.510000
0.04204  1399.510000
0.04206  1399.510000
0.04208  1399.510000
0.0421  1399.510000
0.04212  1399.510000
0.04214  1399.510000
0.04216  1399.510000
0.04218  1399.510000
0.0422  1399.510000
0.04222  1399.510000
0.04224  1399.510000
0.04226  1399.510000
0.04228  1399.510000
0.0423  1399.510000
0.04232  1399.510000
0.04234  1399.510000
0.04236  1399.510000
0.04238  1399.510000
0.0424  1399.510000
0.04242  1399.510000
0.04244  1399.510000
0.04246  1399.510000
0.04248  1399.510000
0.0425  1399.510000
0.04252  1399.510000
0.04254  1399.510000
0.04256  1399.510000
0.04258  1399.510000
0.0426  1399.510000
0.04262  1399.510000
0.04264  1399.510000
0.04266  1399.510000
0.04268  1399.510000
0.0427  1399.510000
0.04272  1399.510000
0.04274  1399.510000
0.04276  1399.510000
0.04278  1399.510000
0.0428  1399.510000
0.04282  1399.510000
0.04284  1399.510000
0.04286  1399.510000
0.04288  1399.510000
0.0429  1399.510000
0.04292  1399.510000
0.04294  1399.510000
0.04296  1399.510000
0.04298  1399.510000
0.043  1399.510000
0.04302  1399.51
0.04304  1399.51
0.04306  1399.51
0.04308  1399.51
0.0431  1399.51
0.04312  1399.51
0.04314  1399.51
0.04316  1399.51
0.04318  1399.51
0.0432  1399.51
0.04322  1399.51
0.04324  1399.51
0.04326  1399.51
0.04328  1399.51
0.0433  1399.51
0.04332  1399.51
0.04334  1399.51
0.04336  1399.51
0.04338  1399.51
0.0434  1399.51
0.04342  1399.51
0.04344  1399.51
0.04346  1399.51
0.04348  1399.51
0.0435  1399.51
0.04352  1399.51
0.04354  1399.51
0.04356  1399.51
0.04358  1399.51
0.0436  1399.51
0.04362  1399.51
0.04364  1399.51
0.04366  1399.51
0.04368  1399.51
0.0437  1399.51
0.04372  1399.51
0.04374  1399.51
0.04376  1399.51
0.04378  1399.51
0.0438  1399.51
0.04382  1399.51
0.04384  1399.51
0.04386  1399.51
0.04388  1399.51
0.0439  1399.51
0.04392  1399.51
0.04394  1399.51
0.04396  1399.51
0.04398  1399.51
0.044  1399.51
0.04402  1399.51
0.04404  1399.51
0.04406  1399.51
0.04408  1399.51
0.0441  1399.51
0.04412  1399.51
0.04414  1399.51
0.04416  1399.51
0.04418  1399.51
0.0442  1399.51
0.04422  1399.51
0.04424  1399.51
0.04426  1399.51
0.04428  1399.51
0.0443  1399.51
0.04432  1399.51
0.04434  1399.51
0.04436  1399.51
0.04438  1399.51
0.0444  1399.51
0.04442  1399.51
0.04444  1399.51
0.04446  1399.51
0.04448  1399.51
0.0445  1399.51
0.04452  1399.51
0.04454  1399.51
0.04456  1399.51
0.04458  1399.51
0.0446  1399.51
0.04462  1399.51
0.04464  1399.51
0.04466  1399.51
0.04468  1399.51
0.0447  1399.51
0.04472  1399.51
0.04474  1399.51
0.04476  1399.51
0.04478  1399.51
0.0448  1399.51
0.04482  1399.51
0.04484  1399.51
0.04486  1399.51
0.04488  1399.51
0.0449  1399.51
0.04492  1399.51
0.04494  1399.51
0.04496  1399.51
0.04498  1399.51
0.045  1399.51
0.04502  1399.51
0.04504  1399.51
0.04506  1399.51
0.04508  1399.51
0.0451  1399.51
0.04512  1399.51
0.04514  1399.51
0.04516  1399.51
0.04518  1399.51
0.0452  1399.51
0.04522  1399.51
0.04524  1399.51
0.04526  1399.51
0.04528  1399.51
0.0453  1399.51
0.04532  1399.51
0.04534  1399.51
0.04536  1399.51
0.04538  1399.51
0.0454  1399.51
0.04542  1399.51
0.04544  1399.51
0.04546  1399.51
0.04548  1399.51
0.0455  1399.51
0.04552  1399.51
0.04554  1399.51
0.04556  1399.51
0.04558  1399.51
0.0456  1399.51
0.04562  1399.51
0.04564  1399.51
0.04566  1399.51
0.04568  1399.51
0.0457  1399.51
0.04572  1399.51
0.04574  1399.51
0.04576  1399.51
0.04578  1399.51
0.0458  1399.51
0.04582  1399.51
0.04584  1399.51
0.04586  1399.51
0.04588  1399.51
0.0459  1399.51
0.04592  1399.51
0.04594  1399.51
0.04596  1399.51
0.04598  1399.51
0.046  1399.51
0.04602  1399.51
0.04604  1399.51
0.04606  1399.51
0.04608  1399.51
0.0461  1399.51
0.04612  1399.51
0.04614  1399.51
0.04616  1399.51
0.04618  1399.51
0.0462  1399.51
0.04622  1399.51
0.04624  1399.51
0.04626  1399.51
0.04628  1399.51
0.0463  1399.51
0.04632  1399.51
0.04634  1399.51
0.04636  1399.51
0.04638  1399.51
0.0464  1399.51
0.04642  1399.51
0.04644  1399.51
0.04646  1399.51
0.04648  1399.51
0.0465  1399.51
0.04652  1399.51
0.04654  1399.51
0.04656  1399.51
0.04658  1399.51
0.0466  1399.51
0.04662  1399.51
0.04664  1399.51
0.04666  1399.51
0.04668  1399.51
0.0467  1399.51
0.04672  1399.51
0.04674  1399.51
0.04676  1399.51
0.04678  1399.51
0.0468  1399.51
0.04682  1399.51
0.04684  1399.51
0.04686  1399.51
0.04688  1399.51
0.0469  1399.51
0.04692  1399.51
0.04694  1399.51
0.04696  1399.51
0.04698  1399.51
0.047  1399.51
0.04702  1399.51
0.04704  1399.51
0.04706  1399.51
0.04708  1399.51
0.0471  1399.51
0.04712  1399.51
0.04714  1399.51
0.04716  1399.51
0.04718  1399.51
0.0472  1399.51
0.04722  1399.51
0.04724  1399.51
0.04726  1399.51
0.04728  1399.51
0.0473  1399.51
0.04732  1399.51
0.04734  1399.51
0.04736  1399.51
0.04738  1399.51
0.0474  1399.51
0.04742  1399.51
0.04744  1399.51
0.04746  1399.51
0.04748  1399.51
0.0475  1399.51
0.04752  1399.51
0.04754  1399.51
0.04756  1399.51
0.04758  1399.51
0.0476  1399.51
0.04762  1399.51
0.04764  1399.51
0.04766  1399.51
0.04768  1399.51
0.0477  1399.51
0.04772  1399.51
0.04774  1399.51
0.04776  1399.51
0.04778  1399.51
0.0478  1399.51
0.04782  1399.51
0.04784  1399.51
0.04786  1399.51
0.04788  1399.51
0.0479  1399.51
0.04792  1399.51
0.04794  1399.51
0.04796  1399.51
0.04798  1399.51
0.048  1399.51
0.04802  1399.51
0.04804  1399.51
0.04806  1399.51
0.04808  1399.51
0.0481  1399.51
0.04812  1399.51
0.04814  1399.51
0.04816  1399.51
0.04818  1399.51
0.0482  1399.51
0.04822  1399.51
0.04824  1399.51
0.04826  1399.51
0.04828  1399.51
0.0483  1399.51
0.04832  1399.51
0.04834  1399.51
0.04836  1399.51
0.04838  1399.51
0.0484  1399.51
0.04842  1399.51
0.04844  1399.51
0.04846  1399.51
0.04848  1399.51
0.0485  1399.51
0.04852  1399.51
0.04854  1399.51
0.04856  1399.51
0.04858  1399.51
0.0486  1399.51
0.04862  1399.51
0.04864  1399.51
0.04866  1399.51
0.04868  1399.51
0.0487  1399.51
0.04872  1399.51
0.04874  1399.51
0.04876  1399.51
0.04878  1399.51
0.0488  1399.51
0.04882  1399.51
0.04884  1399.51
0.04886  1399.51
0.04888  1399.51
0.0489  1399.51
0.04892  1399.51
0.04894  1399.51
0.04896  1399.51
0.04898  1399.51
0.049  1399.51
0.04902  1399.51
0.04904  1399.51
0.04906  1399.51
0.04908  1399.51
0.0491  1399.51
0.04912  1399.51
0.04914  1399.51
0.04916  1399.51
0.04918  1399.51
0.0492  1399.51
0.04922  1399.51
0.04924  1399.51
0.04926  1399.51
0.04928  1399.51
0.0493  1399.51
0.04932  1399.51
0.04934  1399.51
0.04936  1399.51
0.04938  1399.51
0.0494  1399.51
0.04942  1399.51
0.04944  1399.51
0.04946  1399.51
0.04948  1399.51
0.0495  1399.51
0.04952  1399.51
0.04954  1399.51
0.04956  1399.51
0.04958  1399.51
0.0496  1399.51
0.04962  1399.51
0.04964  1399.51
0.04966  1399.51
0.04968  1399.51
0.0497  1399.51
0.04972  1399.51
0.04974  1399.51
0.04976  1399.51
0.04978  1399.51
0.0498  1399.51
0.04982  1399.51
0.04984  1399.51
0.04986  1399.51
0.04988  1399.51
0.0499  1399.51
0.04992  1399.51
0.04994  1399.51
0.04996  1399.51
0.04998  1399.51
0.05  1399.51
0.05002  1399.51
0.05004  1399.51
0.05006  1399.51
0.05008  1399.51
0.0501  1399.51
0.05012  1399.51
0.05014  1399.51
0.05016  1399.51
0.05018  1399.51
0.0502  1399.51
0.05022  1399.51
0.05024  1399.51
0.05026  1399.51
0.05028  1399.51
0.0503  1399.51
0.05032  1399.51
0.05034  1399.51
0.05036  1399.51
0.05038  1399.51
0.0504  1399.51
0.05042  1399.51
0.05044  1399.51
0.05046  1399.51
0.05048  1399.51
0.0505  1399.51
0.05052  1399.51
0.05054  1399.51
0.05056  1399.51
0.05058  1399.51
0.0506  1399.51
0.05062  1399.51
0.05064  1399.51
0.05066  1399.51
0.05068  1399.51
0.0507  1399.51
0.05072  1399.51
0.05074  1399.51
0.05076  1399.51
0.05078  1399.51
0.0508  1399.51
0.05082  1399.51
0.05084  1399.51
0.05086  1399.51
0.05088  1399.51
0.0509  1399.51
0.05092  1399.51
0.05094  1399.51
0.05096  1399.51
0.05098  1399.51
0.051  1399.51
0.05102  1399.51
0.05104  1399.51
0.05106  1399.51
0.05108  1399.51
0.0511  1399.51
0.05112  1399.51
0.05114  1399.51
0.05116  1399.51
0.05118  1399.51
0.0512  1399.51
0.05122  1399.51
0.05124  1399.51
0.05126  1399.51
0.05128  1399.51
0.0513  1399.51
0.05132  1399.51
0.05134  1399.51
0.05136  1399.51
0.05138  1399.51
0.0514  1399.51
0.05142  1399.51
0.05144  1399.51
0.05146  1399.51
0.05148  1399.51
0.0515  1399.51
0.05152  1399.51
0.05154  1399.51
0.05156  1399.51
0.05158  1399.51
0.0516  1399.51
0.05162  1399.51
0.05164  1399.51
0.05166  1399.51
0.05168  1399.51
0.0517  1399.51
0.05172  1399.51
0.05174  1399.51
0.05176  1399.51
0.05178  1399.51
0.0518  1399.51
0.05182  1399.51
0.05184  1399.51
0.05186  1399.51
0.05188  1399.51
0.0519  1399.51
0.05192  1399.51
0.05194  1399.51
0.05196  1399.51
0.05198  1399.51
0.052  1399.51
0.05202  1399.51
0.05204  1399.51
0.05206  1399.51
0.05208  1399.51
0.0521  1399.51
0.05212  1399.51
0.05214  1399.51
0.05216  1399.51
0.05218  1399.51
0.0522  1399.51
0.05222  1399.51
0.05224  1399.51
0.05226  1399.51
0.05228  1399.51
0.0523  1399.51
0.05232  1399.51
0.05234  1399.51
0.05236  1399.51
0.05238  1399.51
0.0524  1399.51
0.05242  1399.51
0.05244  1399.51
0.05246  1399.51
0.05248  1399.51
0.0525  1399.51
0.05252  1399.51
0.05254  1399.51
0.05256  1399.51
0.05258  1399.51
0.0526  1399.51
0.05262  1399.51
0.05264  1399.51
0.05266  1399.51
0.05268  1399.51
0.0527  1399.51
0.05272  1399.51
0.05274  1399.51
0.05276  1399.51
0.05278  1399.51
0.0528  1399.51
0.05282  1399.51
0.05284  1399.51
0.05286  1399.51
0.05288  1399.51
0.0529  1399.51
0.05292  1399.51
0.05294  1399.51
0.05296  1399.51
0.05298  1399.51
0.053  1399.51
0.05302  1399.51
0.05304  1399.51
0.05306  1399.51
0.05308  1399.51
0.0531  1399.51
0.05312  1399.51
0.05314  1399.51
0.05316  1399.51
0.05318  1399.51
0.0532  1399.51
0.05322  1399.51
0.05324  1399.51
0.05326  1399.51
0.05328  1399.51
0.0533  1399.51
0.05332  1399.51
0.05334  1399.51
0.05336  1399.51
0.05338  1399.51
0.0534  1399.51
0.05342  1399.51
0.05344  1399.51
0.05346  1399.51
0.05348  1399.51
0.0535  1399.51
0.05352  1399.51
0.05354  1399.51
0.05356  1399.51
0.05358  1399.51
0.0536  1399.51
0.05362  1399.51
0.05364  1399.51
0.05366  1399.51
0.05368  1399.51
0.0537  1399.51
0.05372  1399.51
0.05374  1399.51
0.05376  1399.51
0.05378  1399.51
0.0538  1399.51
0.05382  1399.51
0.05384  1399.51
0.05386  1399.51
0.05388  1399.51
0.0539  1399.51
0.05392  1399.51
0.05394  1399.51
0.05396  1399.51
0.05398  1399.51
0.054  1399.51
0.05402  1399.51
0.05404  1399.51
0.05406  1399.51
0.05408  1399.51
0.0541  1399.51
0.05412  1399.51
0.05414  1399.51
0.05416  1399.51
0.05418  1399.51
0.0542  1399.51
0.05422  1399.51
0.05424  1399.51
0.05426  1399.51
0.05428  1399.51
0.0543  1399.51
0.05432  1399.51
0.05434  1399.51
0.05436  1399.51
0.05438  1399.51
0.0544  1399.51
0.05442  1399.51
0.05444  1399.51
0.05446  1399.51
0.05448  1399.51
0.0545  1399.51
0.05452  1399.51
0.05454  1399.51
0.05456  1399.51
0.05458  1399.51
0.0546  1399.51
0.05462  1399.51
0.05464  1399.51
0.05466  1399.51
0.05468  1399.51
0.0547  1399.51
0.05472  1399.51
0.05474  1399.51
0.05476  1399.51
0.05478  1399.51
0.0548  1399.51
0.05482  1399.51
0.05484  1399.51
0.05486  1399.51
0.05488  1399.51
0.0549  1399.51
0.05492  1399.51
0.05494  1399.51
0.05496  1399.51
0.05498  1399.51
0.055  1399.51
0.05502  1399.51
0.05504  1399.51
0.05506  1399.51
0.05508  1399.51
0.0551  1399.51
0.05512  1399.51
0.05514  1399.51
0.05516  1399.51
0.05518  1399.51
0.0552  1399.51
0.05522  1399.51
0.05524  1399.51
0.05526  1399.51
0.05528  1399.51
0.0553  1399.51
0.05532  1399.51
0.05534  1399.51
0.05536  1399.51
0.05538  1399.51
0.0554  1399.51
0.05542  1399.51
0.05544  1399.51
0.05546  1399.51
0.05548  1399.51
0.0555  1399.51
0.05552  1399.51
0.05554  1399.51
0.05556  1399.51
0.05558  1399.51
0.0556  1399.51
0.05562  1399.51
0.05564  1399.51
0.05566  1399.51
0.05568  1399.51
0.0557  1399.51
0.05572  1399.51
0.05574  1399.51
0.05576  1399.51
0.05578  1399.51
0.0558  1399.51
0.05582  1399.51
0.05584  1399.51
0.05586  1399.51
0.05588  1399.51
0.0559  1399.51
0.05592  1399.51
0.05594  1399.51
0.05596  1399.51
0.05598  1399.51
0.056  1399.51
0.05602  1399.51
0.05604  1399.51
0.05606  1399.51
0.05608  1399.51
0.0561  1399.51
0.05612  1399.51
0.05614  1399.51
0.05616  1399.51
0.05618  1399.51
0.0562  1399.51
0.05622  1399.51
0.05624  1399.51
0.05626  1399.51
0.05628  1399.51
0.0563  1399.51
0.05632  1399.51
0.05634  1399.51
0.05636  1399.51
0.05638  1399.51
0.0564  1399.51
0.05642  1399.51
0.05644  1399.51
0.05646  1399.51
0.05648  1399.51
0.0565  1399.51
0.05652  1399.51
0.05654  1399.51
0.05656  1399.51
0.05658  1399.51
0.0566  1399.51
0.05662  1399.51
0.05664  1399.51
0.05666  1399.51
0.05668  1399.51
0.0567  1399.51
0.05672  1399.51
0.05674  1399.51
0.05676  1399.51
0.05678  1399.51
0.0568  1399.51
0.05682  1399.51
0.05684  1399.51
0.05686  1399.51
0.05688  1399.51
0.0569  1399.51
0.05692  1399.51
0.05694  1399.51
0.05696  1399.51
0.05698  1399.51
0.057  1399.51
0.05702  1399.51
0.05704  1399.51
0.05706  1399.51
0.05708  1399.51
0.0571  1399.51
0.05712  1399.51
0.05714  1399.51
0.05716  1399.51
0.05718  1399.51
0.0572  1399.51
0.05722  1399.51
0.05724  1399.51
0.05726  1399.51
0.05728  1399.51
0.0573  1399.51
0.05732  1399.51
0.05734  1399.51
0.05736  1399.51
0.05738  1399.51
0.0574  1399.51
0.05742  1399.51
0.05744  1399.51
0.05746  1399.51
0.05748  1399.51
0.0575  1399.51
0.05752  1399.51
0.05754  1399.51
0.05756  1399.51
0.05758  1399.51
0.0576  1399.51
0.05762  1399.51
0.05764  1399.51
0.05766  1399.51
0.05768  1399.51
0.0577  1399.51
0.05772  1399.51
0.05774  1399.51
0.05776  1399.51
0.05778  1399.51
0.0578  1399.51
0.05782  1399.51
0.05784  1399.51
0.05786  1399.51
0.05788  1399.51
0.0579  1399.51
0.05792  1399.51
0.05794  1399.51
0.05796  1399.51
0.05798  1399.51
0.058  1399.51
0.05802  1399.51
0.05804  1399.51
0.05806  1399.51
0.05808  1399.51
0.0581  1399.51
0.05812  1399.51
0.05814  1399.51
0.05816  1399.51
0.05818  1399.51
0.0582  1399.51
0.05822  1399.51
0.05824  1399.51
0.05826  1399.51
0.05828  1399.51
0.0583  1399.51
0.05832  1399.51
0.05834  1399.51
0.05836  1399.51
0.05838  1399.51
0.0584  1399.51
0.05842  1399.51
0.05844  1399.51
0.05846  1399.51
0.05848  1399.51
0.0585  1399.51
0.05852  1399.51
0.05854  1399.51
0.05856  1399.51
0.05858  1399.51
0.0586  1399.51
0.05862  1399.51
0.05864  1399.51
0.05866  1399.51
0.05868  1399.51
0.0587  1399.51
0.05872  1399.51
0.05874  1399.51
0.05876  1399.51
0.05878  1399.51
0.0588  1399.51
0.05882  1399.51
0.05884  1399.51
0.05886  1399.51
0.05888  1399.51
0.0589  1399.51
0.05892  1399.51
0.05894  1399.51
0.05896  1399.51
0.05898  1399.51
0.059  1399.51
0.05902  1399.51
0.05904  1399.51
0.05906  1399.51
0.05908  1399.51
0.0591  1399.51
0.05912  1399.51
0.05914  1399.51
0.05916  1399.51
0.05918  1399.51
0.0592  1399.51
0.05922  1399.51
0.05924  1399.51
0.05926  1399.51
0.05928  1399.51
0.0593  1399.51
0.05932  1399.51
0.05934  1399.51
0.05936  1399.51
0.05938  1399.51
0.0594  1399.51
0.05942  1399.51
0.05944  1399.51
0.05946  1399.51
0.05948  1399.51
0.0595  1399.51
0.05952  1399.51
0.05954  1399.51
0.05956  1399.51
0.05958  1399.51
0.0596  1399.51
0.05962  1399.51
0.05964  1399.51
0.05966  1399.51
0.05968  1399.51
0.0597  1399.51
0.05972  1399.51
0.05974  1399.51
0.05976  1399.51
0.05978  1399.51
0.0598  1399.51
0.05982  1399.51
0.05984  1399.51
0.05986  1399.51
0.05988  1399.51
0.0599  1399.51
0.05992  1399.51
0.05994  1399.51
0.05996  1399.51
0.05998  1399.51
0.06  1399.510000
0.06002  1399.510000
0.06004  1399.510000
0.06006  1399.510000
0.06008  1399.510000
0.0601  1399.510000
0.06012  1399.510000
0.06014  1399.510000
0.06016  1399.510000
0.06018  1399.510000
0.0602  1399.510000
0.06022  1399.510000
0.06024  1399.510000
0.06026  1352.760000
0.06028  1276.970000
0.0603  1190.870000
0.06032  1095.530000
0.06034  965.160000
0.06036  795.044000
0.06038  598.941000
0.0604  408.208000
0.06042  255.366000
0.06044  152.794000
0.06046  92.496100
0.06048  60.087400
0.0605  44.153900
0.06052  38.180400
0.06054  39.649800
0.06056  49.216200
0.06058  70.823900
0.0606  112.116000
0.06062  182.895000
0.06064  288.796000
0.06066  422.624000
0.06068  564.194000
0.0607  692.375000
0.06072  797.792000
0.06074  852.897000
0.06076  906.284000
0.06078  957.556000
0.0608  1006.400000
0.06082  1052.600000
0.06084  1096.000000
0.06086  1136.550000
0.06088  1174.220000
0.0609  1209.060000
0.06092  1241.150000
0.06094  1270.600000
0.06096  1297.550000
0.06098  1322.130000
0.061  1344.500000
0.06102  1364.800000
0.06104  1383.190000
0.06106  1399.790000
0.06108  1399.510000
0.0611  1399.510000
0.06112  1399.510000
0.06114  1399.510000
0.06116  1399.510000
0.06118  1399.510000
0.0612  1399.510000
0.06122  1399.510000
0.06124  1399.510000
0.06126  1399.510000
0.06128  1399.510000
0.0613  1399.510000
0.06132  1399.510000
0.06134  1399.510000
0.06136  1399.510000
0.06138  1399.510000
0.0614  1399.510000
0.06142  1399.510000
0.06144  1399.510000
0.06146  1399.510000
0.06148  1399.510000
0.0615  1399.510000
0.06152  1399.510000
0.06154  1399.510000
0.06156  1399.510000
0.06158  1399.510000
0.0616  1399.510000
0.06162  1399.510000
0.06164  1399.510000
0.06166  1399.510000
0.06168  1399.510000
0.0617  1399.510000
0.06172  1399.510000
0.06174  1399.510000
0.06176  1399.510000
0.06178  1399.510000
0.0618  1399.510000
0.06182  1399.510000
0.06184  1399.510000
0.06186  1399.510000
0.06188  1399.510000
0.0619  1399.510000
0.06192  1399.510000
0.06194  1399.510000
0.06196  1399.510000
0.06198  1399.510000
0.062  1399.510000
0.06202  1399.510000
0.06204  1399.510000
0.06206  1399.510000
0.06208  1399.510000
0.0621  1399.510000
0.06212  1399.510000
0.06214  1399.510000
0.06216  1399.510000
0.06218  1399.510000
0.0622  1399.510000
0.06222  1399.510000
0.06224  1399.510000
0.06226  1399.510000
0.06228  1399.510000
0.0623  1399.510000
0.06232  1399.510000
0.06234  1399.510000
0.06236  1399.510000
0.06238  1399.510000
0.0624  1399.510000
0.06242  1399.510000
0.06244  1399.510000
0.06246  1399.510000
0.06248  1399.510000
0.0625  1399.510000
0.06252  1399.510000
0.06254  1399.510000
0.06256  1399.510000
0.06258  1399.510000
0.0626  1399.510000
0.06262  1399.510000
0.06264  1399.510000
0.06266  1399.510000
0.06268  1399.510000
0.0627  1399.510000
0.06272  1399.510000
0.06274  1399.510000
0.06276  1399.510000
0.06278  1399.510000
0.0628  1399.510000
0.06282  1399.510000
0.06284  1399.510000
0.06286  1399.510000
0.06288  1399.510000
0.0629  1399.510000
0.06292  1399.510000
0.06294  1399.510000
0.06296  1399.510000
0.06298  1399.510000
0.063  1399.510000
