0.00000000 1399.510000
0.00002000 1399.510000
0.00004000 1399.510000
0.00006000 1399.510000
0.00008000 1399.510000
0.00010000 1399.510000
0.00012000 1399.510000
0.00014000 1399.510000
0.00016000 1399.510000
0.00018000 1399.510000
0.00020000 1399.510000
0.00022000 1399.510000
0.00024000 1399.510000
0.00026000 1352.760000
0.00028000 1276.970000
0.00030000 1190.870000
0.00032000 1095.530000
0.00034000 965.160000
0.00036000 795.044000
0.00038000 598.941000
0.00040000 408.208000
0.00042000 255.366000
0.00044000 152.794000
0.00046000 92.496100
0.00048000 60.087400
0.00050000 44.153900
0.00052000 38.180400
0.00054000 39.649800
0.00056000 49.216200
0.00058000 70.823900
0.00060000 112.116000
0.00062000 182.895000
0.00064000 288.796000
0.00066000 422.624000
0.00068000 564.194000
0.00070000 692.375000
0.00072000 797.792000
0.00074000 852.897000
0.00076000 906.284000
0.00078000 957.556000
0.00080000 1006.400000
0.00082000 1052.600000
0.00084000 1096.000000
0.00086000 1136.550000
0.00088000 1174.220000
0.00090000 1209.060000
0.00092000 1241.150000
0.00094000 1270.600000
0.00096000 1297.550000
0.00098000 1322.130000
0.00100000 1344.500000
0.00102000 1364.800000
0.00104000 1383.190000
0.00106000 1399.790000
0.00108000 1399.510000
0.00110000 1399.510000
0.00112000 1399.510000
0.00114000 1399.510000
0.00116000 1399.510000
0.00118000 1399.510000
0.00120000 1399.510000
0.00122000 1399.510000
0.00124000 1399.510000
0.00126000 1399.510000
0.00128000 1399.510000
0.00130000 1399.510000
0.00132000 1399.510000
0.00134000 1399.510000
0.00136000 1399.510000
0.00138000 1399.510000
0.00140000 1399.510000
0.00142000 1399.510000
0.00144000 1399.510000
0.00146000 1399.510000
0.00148000 1399.510000
0.00150000 1399.510000
0.00152000 1399.510000
0.00154000 1399.510000
0.00156000 1399.510000
0.00158000 1399.510000
0.00160000 1399.510000
0.00162000 1399.510000
0.00164000 1399.510000
0.00166000 1399.510000
0.00168000 1399.510000
0.00170000 1399.510000
0.00172000 1399.510000
0.00174000 1399.510000
0.00176000 1399.510000
0.00178000 1399.510000
0.00180000 1399.510000
0.00182000 1399.510000
0.00184000 1399.510000
0.00186000 1399.510000
0.00188000 1399.510000
0.00190000 1399.510000
0.00192000 1399.510000
0.00194000 1399.510000
0.00196000 1399.510000
0.00198000 1399.510000
0.00200000 1399.510000
0.00202000 1399.510000
0.00204000 1399.510000
0.00206000 1399.510000
0.00208000 1399.510000
0.00210000 1399.510000
0.00212000 1399.510000
0.00214000 1399.510000
0.00216000 1399.510000
0.00218000 1399.510000
0.00220000 1399.510000
0.00222000 1399.510000
0.00224000 1399.510000
0.00226000 1399.510000
0.00228000 1399.510000
0.00230000 1399.510000
0.00232000 1399.510000
0.00234000 1399.510000
0.00236000 1399.510000
0.00238000 1399.510000
0.00240000 1399.510000
0.00242000 1399.510000
0.00244000 1399.510000
0.00246000 1399.510000
0.00248000 1399.510000
0.00250000 1399.510000
0.00252000 1399.510000
0.00254000 1399.510000
0.00256000 1399.510000
0.00258000 1399.510000
0.00260000 1399.510000
0.00262000 1399.510000
0.00264000 1399.510000
0.00266000 1399.510000
0.00268000 1399.510000
0.00270000 1399.510000
0.00272000 1399.510000
0.00274000 1399.510000
0.00276000 1399.510000
0.00278000 1399.510000
0.00280000 1399.510000
0.00282000 1399.510000
0.00284000 1399.510000
0.00286000 1399.510000
0.00288000 1399.510000
0.00290000 1399.510000
0.00292000 1399.510000
0.00294000 1399.510000
0.00296000 1399.510000
0.00298000 1399.510000
0.00300000 1399.510000
