0.00000000 2799.020000
0.00002000 2799.020000
0.00004000 2799.020000
0.00006000 2799.020000
0.00008000 2799.020000
0.00010000 2799.020000
0.00012000 2799.020000
0.00014000 2799.020000
0.00016000 2799.020000
0.00018000 2799.020000
0.00020000 2799.020000
0.00022000 2799.020000
0.00024000 2799.020000
0.00026000 2705.520000
0.00028000 2553.940000
0.00030000 2381.740000
0.00032000 2191.060000
0.00034000 1930.320000
0.00036000 1590.088000
0.00038000 1197.882000
0.00040000 816.416000
0.00042000 510.732000
0.00044000 305.588000
0.00046000 184.992200
0.00048000 120.174800
0.00050000 88.307800
0.00052000 76.360800
0.00054000 79.299600
0.00056000 98.432400
0.00058000 141.647800
0.00060000 224.232000
0.00062000 365.790000
0.00064000 577.592000
0.00066000 845.248000
0.00068000 1128.388000
0.00070000 1384.750000
0.00072000 1595.584000
0.00074000 1705.794000
0.00076000 1812.568000
0.00078000 1915.112000
0.00080000 2012.800000
0.00082000 2105.200000
0.00084000 2192.000000
0.00086000 2273.100000
0.00088000 2348.440000
0.00090000 2418.120000
0.00092000 2482.300000
0.00094000 2541.200000
0.00096000 2595.100000
0.00098000 2644.260000
0.00100000 2689.000000
0.00102000 2729.600000
0.00104000 2766.380000
0.00106000 2799.580000
0.00108000 2799.020000
0.00110000 2799.020000
0.00112000 2799.020000
0.00114000 2799.020000
0.00116000 2799.020000
0.00118000 2799.020000
0.00120000 2799.020000
0.00122000 2799.020000
0.00124000 2799.020000
0.00126000 2799.020000
0.00128000 2799.020000
0.00130000 2799.020000
0.00132000 2799.020000
0.00134000 2799.020000
0.00136000 2799.020000
0.00138000 2799.020000
0.00140000 2799.020000
0.00142000 2799.020000
0.00144000 2799.020000
0.00146000 2799.020000
0.00148000 2799.020000
0.00150000 2799.020000
0.00152000 2799.020000
0.00154000 2799.020000
0.00156000 2799.020000
0.00158000 2799.020000
0.00160000 2799.020000
0.00162000 2799.020000
0.00164000 2799.020000
0.00166000 2799.020000
0.00168000 2799.020000
0.00170000 2799.020000
0.00172000 2799.020000
0.00174000 2799.020000
0.00176000 2799.020000
0.00178000 2799.020000
0.00180000 2799.020000
0.00182000 2799.020000
0.00184000 2799.020000
0.00186000 2799.020000
0.00188000 2799.020000
0.00190000 2799.020000
0.00192000 2799.020000
0.00194000 2799.020000
0.00196000 2799.020000
0.00198000 2799.020000
0.00200000 2799.020000
0.00202000 2799.020000
0.00204000 2799.020000
0.00206000 2799.020000
0.00208000 2799.020000
0.00210000 2799.020000
0.00212000 2799.020000
0.00214000 2799.020000
0.00216000 2799.020000
0.00218000 2799.020000
0.00220000 2799.020000
0.00222000 2799.020000
0.00224000 2799.020000
0.00226000 2799.020000
0.00228000 2799.020000
0.00230000 2799.020000
0.00232000 2799.020000
0.00234000 2799.020000
0.00236000 2799.020000
0.00238000 2799.020000
0.00240000 2799.020000
0.00242000 2799.020000
0.00244000 2799.020000
0.00246000 2799.020000
0.00248000 2799.020000
0.00250000 2799.020000
0.00252000 2799.020000
0.00254000 2799.020000
0.00256000 2799.020000
0.00258000 2799.020000
0.00260000 2799.020000
0.00262000 2799.020000
0.00264000 2799.020000
0.00266000 2799.020000
0.00268000 2799.020000
0.00270000 2799.020000
0.00272000 2799.020000
0.00274000 2799.020000
0.00276000 2799.020000
0.00278000 2799.020000
0.00280000 2799.020000
0.00282000 2799.020000
0.00284000 2799.020000
0.00286000 2799.020000
0.00288000 2799.020000
0.00290000 2799.020000
0.00292000 2799.020000
0.00294000 2799.020000
0.00296000 2799.020000
0.00298000 2799.020000
0.00300000 2799.020000
0.00302  2799.02
0.00304  2799.02
0.00306  2799.02
0.00308  2799.02
0.0031  2799.02
0.00312  2799.02
0.00314  2799.02
0.00316  2799.02
0.00318  2799.02
0.0032  2799.02
0.00322  2799.02
0.00324  2799.02
0.00326  2799.02
0.00328  2799.02
0.0033  2799.02
0.00332  2799.02
0.00334  2799.02
0.00336  2799.02
0.00338  2799.02
0.0034  2799.02
0.00342  2799.02
0.00344  2799.02
0.00346  2799.02
0.00348  2799.02
0.0035  2799.02
0.00352  2799.02
0.00354  2799.02
0.00356  2799.02
0.00358  2799.02
0.0036  2799.02
0.00362  2799.02
0.00364  2799.02
0.00366  2799.02
0.00368  2799.02
0.0037  2799.02
0.00372  2799.02
0.00374  2799.02
0.00376  2799.02
0.00378  2799.02
0.0038  2799.02
0.00382  2799.02
0.00384  2799.02
0.00386  2799.02
0.00388  2799.02
0.0039  2799.02
0.00392  2799.02
0.00394  2799.02
0.00396  2799.02
0.00398  2799.02
0.004  2799.02
0.00402  2799.02
0.00404  2799.02
0.00406  2799.02
0.00408  2799.02
0.0041  2799.02
0.00412  2799.02
0.00414  2799.02
0.00416  2799.02
0.00418  2799.02
0.0042  2799.02
0.00422  2799.02
0.00424  2799.02
0.00426  2799.02
0.00428  2799.02
0.0043  2799.02
0.00432  2799.02
0.00434  2799.02
0.00436  2799.02
0.00438  2799.02
0.0044  2799.02
0.00442  2799.02
0.00444  2799.02
0.00446  2799.02
0.00448  2799.02
0.0045  2799.02
0.00452  2799.02
0.00454  2799.02
0.00456  2799.02
0.00458  2799.02
0.0046  2799.02
0.00462  2799.02
0.00464  2799.02
0.00466  2799.02
0.00468  2799.02
0.0047  2799.02
0.00472  2799.02
0.00474  2799.02
0.00476  2799.02
0.00478  2799.02
0.0048  2799.02
0.00482  2799.02
0.00484  2799.02
0.00486  2799.02
0.00488  2799.02
0.0049  2799.02
0.00492  2799.02
0.00494  2799.02
0.00496  2799.02
0.00498  2799.02
0.005  2799.02
0.00502  2799.02
0.00504  2799.02
0.00506  2799.02
0.00508  2799.02
0.0051  2799.02
0.00512  2799.02
0.00514  2799.02
0.00516  2799.02
0.00518  2799.02
0.0052  2799.02
0.00522  2799.02
0.00524  2799.02
0.00526  2799.02
0.00528  2799.02
0.0053  2799.02
0.00532  2799.02
0.00534  2799.02
0.00536  2799.02
0.00538  2799.02
0.0054  2799.02
0.00542  2799.02
0.00544  2799.02
0.00546  2799.02
0.00548  2799.02
0.0055  2799.02
0.00552  2799.02
0.00554  2799.02
0.00556  2799.02
0.00558  2799.02
0.0056  2799.02
0.00562  2799.02
0.00564  2799.02
0.00566  2799.02
0.00568  2799.02
0.0057  2799.02
0.00572  2799.02
0.00574  2799.02
0.00576  2799.02
0.00578  2799.02
0.0058  2799.02
0.00582  2799.02
0.00584  2799.02
0.00586  2799.02
0.00588  2799.02
0.0059  2799.02
0.00592  2799.02
0.00594  2799.02
0.00596  2799.02
0.00598  2799.02
0.006  2799.02
0.00602  2799.02
0.00604  2799.02
0.00606  2799.02
0.00608  2799.02
0.0061  2799.02
0.00612  2799.02
0.00614  2799.02
0.00616  2799.02
0.00618  2799.02
0.0062  2799.02
0.00622  2799.02
0.00624  2799.02
0.00626  2799.02
0.00628  2799.02
0.0063  2799.02
0.00632  2799.02
0.00634  2799.02
0.00636  2799.02
0.00638  2799.02
0.0064  2799.02
0.00642  2799.02
0.00644  2799.02
0.00646  2799.02
0.00648  2799.02
0.0065  2799.02
0.00652  2799.02
0.00654  2799.02
0.00656  2799.02
0.00658  2799.02
0.0066  2799.02
0.00662  2799.02
0.00664  2799.02
0.00666  2799.02
0.00668  2799.02
0.0067  2799.02
0.00672  2799.02
0.00674  2799.02
0.00676  2799.02
0.00678  2799.02
0.0068  2799.02
0.00682  2799.02
0.00684  2799.02
0.00686  2799.02
0.00688  2799.02
0.0069  2799.02
0.00692  2799.02
0.00694  2799.02
0.00696  2799.02
0.00698  2799.02
0.007  2799.02
0.00702  2799.02
0.00704  2799.02
0.00706  2799.02
0.00708  2799.02
0.0071  2799.02
0.00712  2799.02
0.00714  2799.02
0.00716  2799.02
0.00718  2799.02
0.0072  2799.02
0.00722  2799.02
0.00724  2799.02
0.00726  2799.02
0.00728  2799.02
0.0073  2799.02
0.00732  2799.02
0.00734  2799.02
0.00736  2799.02
0.00738  2799.02
0.0074  2799.02
0.00742  2799.02
0.00744  2799.02
0.00746  2799.02
0.00748  2799.02
0.0075  2799.02
0.00752  2799.02
0.00754  2799.02
0.00756  2799.02
0.00758  2799.02
0.0076  2799.02
0.00762  2799.02
0.00764  2799.02
0.00766  2799.02
0.00768  2799.02
0.0077  2799.02
0.00772  2799.02
0.00774  2799.02
0.00776  2799.02
0.00778  2799.02
0.0078  2799.02
0.00782  2799.02
0.00784  2799.02
0.00786  2799.02
0.00788  2799.02
0.0079  2799.02
0.00792  2799.02
0.00794  2799.02
0.00796  2799.02
0.00798  2799.02
0.008  2799.02
0.00802  2799.02
0.00804  2799.02
0.00806  2799.02
0.00808  2799.02
0.0081  2799.02
0.00812  2799.02
0.00814  2799.02
0.00816  2799.02
0.00818  2799.02
0.0082  2799.02
0.00822  2799.02
0.00824  2799.02
0.00826  2799.02
0.00828  2799.02
0.0083  2799.02
0.00832  2799.02
0.00834  2799.02
0.00836  2799.02
0.00838  2799.02
0.0084  2799.02
0.00842  2799.02
0.00844  2799.02
0.00846  2799.02
0.00848  2799.02
0.0085  2799.02
0.00852  2799.02
0.00854  2799.02
0.00856  2799.02
0.00858  2799.02
0.0086  2799.02
0.00862  2799.02
0.00864  2799.02
0.00866  2799.02
0.00868  2799.02
0.0087  2799.02
0.00872  2799.02
0.00874  2799.02
0.00876  2799.02
0.00878  2799.02
0.0088  2799.02
0.00882  2799.02
0.00884  2799.02
0.00886  2799.02
0.00888  2799.02
0.0089  2799.02
0.00892  2799.02
0.00894  2799.02
0.00896  2799.02
0.00898  2799.02
0.009  2799.02
0.00902  2799.02
0.00904  2799.02
0.00906  2799.02
0.00908  2799.02
0.0091  2799.02
0.00912  2799.02
0.00914  2799.02
0.00916  2799.02
0.00918  2799.02
0.0092  2799.02
0.00922  2799.02
0.00924  2799.02
0.00926  2799.02
0.00928  2799.02
0.0093  2799.02
0.00932  2799.02
0.00934  2799.02
0.00936  2799.02
0.00938  2799.02
0.0094  2799.02
0.00942  2799.02
0.00944  2799.02
0.00946  2799.02
0.00948  2799.02
0.0095  2799.02
0.00952  2799.02
0.00954  2799.02
0.00956  2799.02
0.00958  2799.02
0.0096  2799.02
0.00962  2799.02
0.00964  2799.02
0.00966  2799.02
0.00968  2799.02
0.0097  2799.02
0.00972  2799.02
0.00974  2799.02
0.00976  2799.02
0.00978  2799.02
0.0098  2799.02
0.00982  2799.02
0.00984  2799.02
0.00986  2799.02
0.00988  2799.02
0.0099  2799.02
0.00992  2799.02
0.00994  2799.02
0.00996  2799.02
0.00998  2799.02
0.01  2799.02
0.01002  2799.02
0.01004  2799.02
0.01006  2799.02
0.01008  2799.02
0.0101  2799.02
0.01012  2799.02
0.01014  2799.02
0.01016  2799.02
0.01018  2799.02
0.0102  2799.02
0.01022  2799.02
0.01024  2799.02
0.01026  2799.02
0.01028  2799.02
0.0103  2799.02
0.01032  2799.02
0.01034  2799.02
0.01036  2799.02
0.01038  2799.02
0.0104  2799.02
0.01042  2799.02
0.01044  2799.02
0.01046  2799.02
0.01048  2799.02
0.0105  2799.02
0.01052  2799.02
0.01054  2799.02
0.01056  2799.02
0.01058  2799.02
0.0106  2799.02
0.01062  2799.02
0.01064  2799.02
0.01066  2799.02
0.01068  2799.02
0.0107  2799.02
0.01072  2799.02
0.01074  2799.02
0.01076  2799.02
0.01078  2799.02
0.0108  2799.02
0.01082  2799.02
0.01084  2799.02
0.01086  2799.02
0.01088  2799.02
0.0109  2799.02
0.01092  2799.02
0.01094  2799.02
0.01096  2799.02
0.01098  2799.02
0.011  2799.02
0.01102  2799.02
0.01104  2799.02
0.01106  2799.02
0.01108  2799.02
0.0111  2799.02
0.01112  2799.02
0.01114  2799.02
0.01116  2799.02
0.01118  2799.02
0.0112  2799.02
0.01122  2799.02
0.01124  2799.02
0.01126  2799.02
0.01128  2799.02
0.0113  2799.02
0.01132  2799.02
0.01134  2799.02
0.01136  2799.02
0.01138  2799.02
0.0114  2799.02
0.01142  2799.02
0.01144  2799.02
0.01146  2799.02
0.01148  2799.02
0.0115  2799.02
0.01152  2799.02
0.01154  2799.02
0.01156  2799.02
0.01158  2799.02
0.0116  2799.02
0.01162  2799.02
0.01164  2799.02
0.01166  2799.02
0.01168  2799.02
0.0117  2799.02
0.01172  2799.02
0.01174  2799.02
0.01176  2799.02
0.01178  2799.02
0.0118  2799.02
0.01182  2799.02
0.01184  2799.02
0.01186  2799.02
0.01188  2799.02
0.0119  2799.02
0.01192  2799.02
0.01194  2799.02
0.01196  2799.02
0.01198  2799.02
0.012  2799.02
0.01202  2799.02
0.01204  2799.02
0.01206  2799.02
0.01208  2799.02
0.0121  2799.02
0.01212  2799.02
0.01214  2799.02
0.01216  2799.02
0.01218  2799.02
0.0122  2799.02
0.01222  2799.02
0.01224  2799.02
0.01226  2799.02
0.01228  2799.02
0.0123  2799.02
0.01232  2799.02
0.01234  2799.02
0.01236  2799.02
0.01238  2799.02
0.0124  2799.02
0.01242  2799.02
0.01244  2799.02
0.01246  2799.02
0.01248  2799.02
0.0125  2799.02
0.01252  2799.02
0.01254  2799.02
0.01256  2799.02
0.01258  2799.02
0.0126  2799.02
0.01262  2799.02
0.01264  2799.02
0.01266  2799.02
0.01268  2799.02
0.0127  2799.02
0.01272  2799.02
0.01274  2799.02
0.01276  2799.02
0.01278  2799.02
0.0128  2799.02
0.01282  2799.02
0.01284  2799.02
0.01286  2799.02
0.01288  2799.02
0.0129  2799.02
0.01292  2799.02
0.01294  2799.02
0.01296  2799.02
0.01298  2799.02
0.013  2799.02
0.01302  2799.02
0.01304  2799.02
0.01306  2799.02
0.01308  2799.02
0.0131  2799.02
0.01312  2799.02
0.01314  2799.02
0.01316  2799.02
0.01318  2799.02
0.0132  2799.02
0.01322  2799.02
0.01324  2799.02
0.01326  2799.02
0.01328  2799.02
0.0133  2799.02
0.01332  2799.02
0.01334  2799.02
0.01336  2799.02
0.01338  2799.02
0.0134  2799.02
0.01342  2799.02
0.01344  2799.02
0.01346  2799.02
0.01348  2799.02
0.0135  2799.02
0.01352  2799.02
0.01354  2799.02
0.01356  2799.02
0.01358  2799.02
0.0136  2799.02
0.01362  2799.02
0.01364  2799.02
0.01366  2799.02
0.01368  2799.02
0.0137  2799.02
0.01372  2799.02
0.01374  2799.02
0.01376  2799.02
0.01378  2799.02
0.0138  2799.02
0.01382  2799.02
0.01384  2799.02
0.01386  2799.02
0.01388  2799.02
0.0139  2799.02
0.01392  2799.02
0.01394  2799.02
0.01396  2799.02
0.01398  2799.02
0.014  2799.02
0.01402  2799.02
0.01404  2799.02
0.01406  2799.02
0.01408  2799.02
0.0141  2799.02
0.01412  2799.02
0.01414  2799.02
0.01416  2799.02
0.01418  2799.02
0.0142  2799.02
0.01422  2799.02
0.01424  2799.02
0.01426  2799.02
0.01428  2799.02
0.0143  2799.02
0.01432  2799.02
0.01434  2799.02
0.01436  2799.02
0.01438  2799.02
0.0144  2799.02
0.01442  2799.02
0.01444  2799.02
0.01446  2799.02
0.01448  2799.02
0.0145  2799.02
0.01452  2799.02
0.01454  2799.02
0.01456  2799.02
0.01458  2799.02
0.0146  2799.02
0.01462  2799.02
0.01464  2799.02
0.01466  2799.02
0.01468  2799.02
0.0147  2799.02
0.01472  2799.02
0.01474  2799.02
0.01476  2799.02
0.01478  2799.02
0.0148  2799.02
0.01482  2799.02
0.01484  2799.02
0.01486  2799.02
0.01488  2799.02
0.0149  2799.02
0.01492  2799.02
0.01494  2799.02
0.01496  2799.02
0.01498  2799.02
0.015  2799.02
0.01502  2799.02
0.01504  2799.02
0.01506  2799.02
0.01508  2799.02
0.0151  2799.02
0.01512  2799.02
0.01514  2799.02
0.01516  2799.02
0.01518  2799.02
0.0152  2799.02
0.01522  2799.02
0.01524  2799.02
0.01526  2799.02
0.01528  2799.02
0.0153  2799.02
0.01532  2799.02
0.01534  2799.02
0.01536  2799.02
0.01538  2799.02
0.0154  2799.02
0.01542  2799.02
0.01544  2799.02
0.01546  2799.02
0.01548  2799.02
0.0155  2799.02
0.01552  2799.02
0.01554  2799.02
0.01556  2799.02
0.01558  2799.02
0.0156  2799.02
0.01562  2799.02
0.01564  2799.02
0.01566  2799.02
0.01568  2799.02
0.0157  2799.02
0.01572  2799.02
0.01574  2799.02
0.01576  2799.02
0.01578  2799.02
0.0158  2799.02
0.01582  2799.02
0.01584  2799.02
0.01586  2799.02
0.01588  2799.02
0.0159  2799.02
0.01592  2799.02
0.01594  2799.02
0.01596  2799.02
0.01598  2799.02
0.016  2799.02
0.01602  2799.02
0.01604  2799.02
0.01606  2799.02
0.01608  2799.02
0.0161  2799.02
0.01612  2799.02
0.01614  2799.02
0.01616  2799.02
0.01618  2799.02
0.0162  2799.02
0.01622  2799.02
0.01624  2799.02
0.01626  2799.02
0.01628  2799.02
0.0163  2799.02
0.01632  2799.02
0.01634  2799.02
0.01636  2799.02
0.01638  2799.02
0.0164  2799.02
0.01642  2799.02
0.01644  2799.02
0.01646  2799.02
0.01648  2799.02
0.0165  2799.02
0.01652  2799.02
0.01654  2799.02
0.01656  2799.02
0.01658  2799.02
0.0166  2799.02
0.01662  2799.02
0.01664  2799.02
0.01666  2799.02
0.01668  2799.02
0.0167  2799.02
0.01672  2799.02
0.01674  2799.02
0.01676  2799.02
0.01678  2799.02
0.0168  2799.02
0.01682  2799.02
0.01684  2799.02
0.01686  2799.02
0.01688  2799.02
0.0169  2799.02
0.01692  2799.02
0.01694  2799.02
0.01696  2799.02
0.01698  2799.02
0.017  2799.02
0.01702  2799.02
0.01704  2799.02
0.01706  2799.02
0.01708  2799.02
0.0171  2799.02
0.01712  2799.02
0.01714  2799.02
0.01716  2799.02
0.01718  2799.02
0.0172  2799.02
0.01722  2799.02
0.01724  2799.02
0.01726  2799.02
0.01728  2799.02
0.0173  2799.02
0.01732  2799.02
0.01734  2799.02
0.01736  2799.02
0.01738  2799.02
0.0174  2799.02
0.01742  2799.02
0.01744  2799.02
0.01746  2799.02
0.01748  2799.02
0.0175  2799.02
0.01752  2799.02
0.01754  2799.02
0.01756  2799.02
0.01758  2799.02
0.0176  2799.02
0.01762  2799.02
0.01764  2799.02
0.01766  2799.02
0.01768  2799.02
0.0177  2799.02
0.01772  2799.02
0.01774  2799.02
0.01776  2799.02
0.01778  2799.02
0.0178  2799.02
0.01782  2799.02
0.01784  2799.02
0.01786  2799.02
0.01788  2799.02
0.0179  2799.02
0.01792  2799.02
0.01794  2799.02
0.01796  2799.02
0.01798  2799.02
0.018  2799.02
0.01802  2799.02
0.01804  2799.02
0.01806  2799.02
0.01808  2799.02
0.0181  2799.02
0.01812  2799.02
0.01814  2799.02
0.01816  2799.02
0.01818  2799.02
0.0182  2799.02
0.01822  2799.02
0.01824  2799.02
0.01826  2799.02
0.01828  2799.02
0.0183  2799.02
0.01832  2799.02
0.01834  2799.02
0.01836  2799.02
0.01838  2799.02
0.0184  2799.02
0.01842  2799.02
0.01844  2799.02
0.01846  2799.02
0.01848  2799.02
0.0185  2799.02
0.01852  2799.02
0.01854  2799.02
0.01856  2799.02
0.01858  2799.02
0.0186  2799.02
0.01862  2799.02
0.01864  2799.02
0.01866  2799.02
0.01868  2799.02
0.0187  2799.02
0.01872  2799.02
0.01874  2799.02
0.01876  2799.02
0.01878  2799.02
0.0188  2799.02
0.01882  2799.02
0.01884  2799.02
0.01886  2799.02
0.01888  2799.02
0.0189  2799.02
0.01892  2799.02
0.01894  2799.02
0.01896  2799.02
0.01898  2799.02
0.019  2799.02
0.01902  2799.02
0.01904  2799.02
0.01906  2799.02
0.01908  2799.02
0.0191  2799.02
0.01912  2799.02
0.01914  2799.02
0.01916  2799.02
0.01918  2799.02
0.0192  2799.02
0.01922  2799.02
0.01924  2799.02
0.01926  2799.02
0.01928  2799.02
0.0193  2799.02
0.01932  2799.02
0.01934  2799.02
0.01936  2799.02
0.01938  2799.02
0.0194  2799.02
0.01942  2799.02
0.01944  2799.02
0.01946  2799.02
0.01948  2799.02
0.0195  2799.02
0.01952  2799.02
0.01954  2799.02
0.01956  2799.02
0.01958  2799.02
0.0196  2799.02
0.01962  2799.02
0.01964  2799.02
0.01966  2799.02
0.01968  2799.02
0.0197  2799.02
0.01972  2799.02
0.01974  2799.02
0.01976  2799.02
0.01978  2799.02
0.0198  2799.02
0.01982  2799.02
0.01984  2799.02
0.01986  2799.02
0.01988  2799.02
0.0199  2799.02
0.01992  2799.02
0.01994  2799.02
0.01996  2799.02
0.01998  2799.02
0.02  2799.020000
0.02002  2799.020000
0.02004  2799.020000
0.02006  2799.020000
0.02008  2799.020000
0.0201  2799.020000
0.02012  2799.020000
0.02014  2799.020000
0.02016  2799.020000
0.02018  2799.020000
0.0202  2799.020000
0.02022  2799.020000
0.02024  2799.020000
0.02026  2705.520000
0.02028  2553.940000
0.0203  2381.740000
0.02032  2191.060000
0.02034  1930.320000
0.02036  1590.088000
0.02038  1197.882000
0.0204  816.416000
0.02042  510.732000
0.02044  305.588000
0.02046  184.992200
0.02048  120.174800
0.0205  88.307800
0.02052  76.360800
0.02054  79.299600
0.02056  98.432400
0.02058  141.647800
0.0206  224.232000
0.02062  365.790000
0.02064  577.592000
0.02066  845.248000
0.02068  1128.388000
0.0207  1384.750000
0.02072  1595.584000
0.02074  1705.794000
0.02076  1812.568000
0.02078  1915.112000
0.0208  2012.800000
0.02082  2105.200000
0.02084  2192.000000
0.02086  2273.100000
0.02088  2348.440000
0.0209  2418.120000
0.02092  2482.300000
0.02094  2541.200000
0.02096  2595.100000
0.02098  2644.260000
0.021  2689.000000
0.02102  2729.600000
0.02104  2766.380000
0.02106  2799.580000
0.02108  2799.020000
0.0211  2799.020000
0.02112  2799.020000
0.02114  2799.020000
0.02116  2799.020000
0.02118  2799.020000
0.0212  2799.020000
0.02122  2799.020000
0.02124  2799.020000
0.02126  2799.020000
0.02128  2799.020000
0.0213  2799.020000
0.02132  2799.020000
0.02134  2799.020000
0.02136  2799.020000
0.02138  2799.020000
0.0214  2799.020000
0.02142  2799.020000
0.02144  2799.020000
0.02146  2799.020000
0.02148  2799.020000
0.0215  2799.020000
0.02152  2799.020000
0.02154  2799.020000
0.02156  2799.020000
0.02158  2799.020000
0.0216  2799.020000
0.02162  2799.020000
0.02164  2799.020000
0.02166  2799.020000
0.02168  2799.020000
0.0217  2799.020000
0.02172  2799.020000
0.02174  2799.020000
0.02176  2799.020000
0.02178  2799.020000
0.0218  2799.020000
0.02182  2799.020000
0.02184  2799.020000
0.02186  2799.020000
0.02188  2799.020000
0.0219  2799.020000
0.02192  2799.020000
0.02194  2799.020000
0.02196  2799.020000
0.02198  2799.020000
0.022  2799.020000
0.02202  2799.020000
0.02204  2799.020000
0.02206  2799.020000
0.02208  2799.020000
0.0221  2799.020000
0.02212  2799.020000
0.02214  2799.020000
0.02216  2799.020000
0.02218  2799.020000
0.0222  2799.020000
0.02222  2799.020000
0.02224  2799.020000
0.02226  2799.020000
0.02228  2799.020000
0.0223  2799.020000
0.02232  2799.020000
0.02234  2799.020000
0.02236  2799.020000
0.02238  2799.020000
0.0224  2799.020000
0.02242  2799.020000
0.02244  2799.020000
0.02246  2799.020000
0.02248  2799.020000
0.0225  2799.020000
0.02252  2799.020000
0.02254  2799.020000
0.02256  2799.020000
0.02258  2799.020000
0.0226  2799.020000
0.02262  2799.020000
0.02264  2799.020000
0.02266  2799.020000
0.02268  2799.020000
0.0227  2799.020000
0.02272  2799.020000
0.02274  2799.020000
0.02276  2799.020000
0.02278  2799.020000
0.0228  2799.020000
0.02282  2799.020000
0.02284  2799.020000
0.02286  2799.020000
0.02288  2799.020000
0.0229  2799.020000
0.02292  2799.020000
0.02294  2799.020000
0.02296  2799.020000
0.02298  2799.020000
0.023  2799.020000
0.02302  2799.02
0.02304  2799.02
0.02306  2799.02
0.02308  2799.02
0.0231  2799.02
0.02312  2799.02
0.02314  2799.02
0.02316  2799.02
0.02318  2799.02
0.0232  2799.02
0.02322  2799.02
0.02324  2799.02
0.02326  2799.02
0.02328  2799.02
0.0233  2799.02
0.02332  2799.02
0.02334  2799.02
0.02336  2799.02
0.02338  2799.02
0.0234  2799.02
0.02342  2799.02
0.02344  2799.02
0.02346  2799.02
0.02348  2799.02
0.0235  2799.02
0.02352  2799.02
0.02354  2799.02
0.02356  2799.02
0.02358  2799.02
0.0236  2799.02
0.02362  2799.02
0.02364  2799.02
0.02366  2799.02
0.02368  2799.02
0.0237  2799.02
0.02372  2799.02
0.02374  2799.02
0.02376  2799.02
0.02378  2799.02
0.0238  2799.02
0.02382  2799.02
0.02384  2799.02
0.02386  2799.02
0.02388  2799.02
0.0239  2799.02
0.02392  2799.02
0.02394  2799.02
0.02396  2799.02
0.02398  2799.02
0.024  2799.02
0.02402  2799.02
0.02404  2799.02
0.02406  2799.02
0.02408  2799.02
0.0241  2799.02
0.02412  2799.02
0.02414  2799.02
0.02416  2799.02
0.02418  2799.02
0.0242  2799.02
0.02422  2799.02
0.02424  2799.02
0.02426  2799.02
0.02428  2799.02
0.0243  2799.02
0.02432  2799.02
0.02434  2799.02
0.02436  2799.02
0.02438  2799.02
0.0244  2799.02
0.02442  2799.02
0.02444  2799.02
0.02446  2799.02
0.02448  2799.02
0.0245  2799.02
0.02452  2799.02
0.02454  2799.02
0.02456  2799.02
0.02458  2799.02
0.0246  2799.02
0.02462  2799.02
0.02464  2799.02
0.02466  2799.02
0.02468  2799.02
0.0247  2799.02
0.02472  2799.02
0.02474  2799.02
0.02476  2799.02
0.02478  2799.02
0.0248  2799.02
0.02482  2799.02
0.02484  2799.02
0.02486  2799.02
0.02488  2799.02
0.0249  2799.02
0.02492  2799.02
0.02494  2799.02
0.02496  2799.02
0.02498  2799.02
0.025  2799.02
0.02502  2799.02
0.02504  2799.02
0.02506  2799.02
0.02508  2799.02
0.0251  2799.02
0.02512  2799.02
0.02514  2799.02
0.02516  2799.02
0.02518  2799.02
0.0252  2799.02
0.02522  2799.02
0.02524  2799.02
0.02526  2799.02
0.02528  2799.02
0.0253  2799.02
0.02532  2799.02
0.02534  2799.02
0.02536  2799.02
0.02538  2799.02
0.0254  2799.02
0.02542  2799.02
0.02544  2799.02
0.02546  2799.02
0.02548  2799.02
0.0255  2799.02
0.02552  2799.02
0.02554  2799.02
0.02556  2799.02
0.02558  2799.02
0.0256  2799.02
0.02562  2799.02
0.02564  2799.02
0.02566  2799.02
0.02568  2799.02
0.0257  2799.02
0.02572  2799.02
0.02574  2799.02
0.02576  2799.02
0.02578  2799.02
0.0258  2799.02
0.02582  2799.02
0.02584  2799.02
0.02586  2799.02
0.02588  2799.02
0.0259  2799.02
0.02592  2799.02
0.02594  2799.02
0.02596  2799.02
0.02598  2799.02
0.026  2799.02
0.02602  2799.02
0.02604  2799.02
0.02606  2799.02
0.02608  2799.02
0.0261  2799.02
0.02612  2799.02
0.02614  2799.02
0.02616  2799.02
0.02618  2799.02
0.0262  2799.02
0.02622  2799.02
0.02624  2799.02
0.02626  2799.02
0.02628  2799.02
0.0263  2799.02
0.02632  2799.02
0.02634  2799.02
0.02636  2799.02
0.02638  2799.02
0.0264  2799.02
0.02642  2799.02
0.02644  2799.02
0.02646  2799.02
0.02648  2799.02
0.0265  2799.02
0.02652  2799.02
0.02654  2799.02
0.02656  2799.02
0.02658  2799.02
0.0266  2799.02
0.02662  2799.02
0.02664  2799.02
0.02666  2799.02
0.02668  2799.02
0.0267  2799.02
0.02672  2799.02
0.02674  2799.02
0.02676  2799.02
0.02678  2799.02
0.0268  2799.02
0.02682  2799.02
0.02684  2799.02
0.02686  2799.02
0.02688  2799.02
0.0269  2799.02
0.02692  2799.02
0.02694  2799.02
0.02696  2799.02
0.02698  2799.02
0.027  2799.02
0.02702  2799.02
0.02704  2799.02
0.02706  2799.02
0.02708  2799.02
0.0271  2799.02
0.02712  2799.02
0.02714  2799.02
0.02716  2799.02
0.02718  2799.02
0.0272  2799.02
0.02722  2799.02
0.02724  2799.02
0.02726  2799.02
0.02728  2799.02
0.0273  2799.02
0.02732  2799.02
0.02734  2799.02
0.02736  2799.02
0.02738  2799.02
0.0274  2799.02
0.02742  2799.02
0.02744  2799.02
0.02746  2799.02
0.02748  2799.02
0.0275  2799.02
0.02752  2799.02
0.02754  2799.02
0.02756  2799.02
0.02758  2799.02
0.0276  2799.02
0.02762  2799.02
0.02764  2799.02
0.02766  2799.02
0.02768  2799.02
0.0277  2799.02
0.02772  2799.02
0.02774  2799.02
0.02776  2799.02
0.02778  2799.02
0.0278  2799.02
0.02782  2799.02
0.02784  2799.02
0.02786  2799.02
0.02788  2799.02
0.0279  2799.02
0.02792  2799.02
0.02794  2799.02
0.02796  2799.02
0.02798  2799.02
0.028  2799.02
0.02802  2799.02
0.02804  2799.02
0.02806  2799.02
0.02808  2799.02
0.0281  2799.02
0.02812  2799.02
0.02814  2799.02
0.02816  2799.02
0.02818  2799.02
0.0282  2799.02
0.02822  2799.02
0.02824  2799.02
0.02826  2799.02
0.02828  2799.02
0.0283  2799.02
0.02832  2799.02
0.02834  2799.02
0.02836  2799.02
0.02838  2799.02
0.0284  2799.02
0.02842  2799.02
0.02844  2799.02
0.02846  2799.02
0.02848  2799.02
0.0285  2799.02
0.02852  2799.02
0.02854  2799.02
0.02856  2799.02
0.02858  2799.02
0.0286  2799.02
0.02862  2799.02
0.02864  2799.02
0.02866  2799.02
0.02868  2799.02
0.0287  2799.02
0.02872  2799.02
0.02874  2799.02
0.02876  2799.02
0.02878  2799.02
0.0288  2799.02
0.02882  2799.02
0.02884  2799.02
0.02886  2799.02
0.02888  2799.02
0.0289  2799.02
0.02892  2799.02
0.02894  2799.02
0.02896  2799.02
0.02898  2799.02
0.029  2799.02
0.02902  2799.02
0.02904  2799.02
0.02906  2799.02
0.02908  2799.02
0.0291  2799.02
0.02912  2799.02
0.02914  2799.02
0.02916  2799.02
0.02918  2799.02
0.0292  2799.02
0.02922  2799.02
0.02924  2799.02
0.02926  2799.02
0.02928  2799.02
0.0293  2799.02
0.02932  2799.02
0.02934  2799.02
0.02936  2799.02
0.02938  2799.02
0.0294  2799.02
0.02942  2799.02
0.02944  2799.02
0.02946  2799.02
0.02948  2799.02
0.0295  2799.02
0.02952  2799.02
0.02954  2799.02
0.02956  2799.02
0.02958  2799.02
0.0296  2799.02
0.02962  2799.02
0.02964  2799.02
0.02966  2799.02
0.02968  2799.02
0.0297  2799.02
0.02972  2799.02
0.02974  2799.02
0.02976  2799.02
0.02978  2799.02
0.0298  2799.02
0.02982  2799.02
0.02984  2799.02
0.02986  2799.02
0.02988  2799.02
0.0299  2799.02
0.02992  2799.02
0.02994  2799.02
0.02996  2799.02
0.02998  2799.02
0.03  2799.02
0.03002  2799.02
0.03004  2799.02
0.03006  2799.02
0.03008  2799.02
0.0301  2799.02
0.03012  2799.02
0.03014  2799.02
0.03016  2799.02
0.03018  2799.02
0.0302  2799.02
0.03022  2799.02
0.03024  2799.02
0.03026  2799.02
0.03028  2799.02
0.0303  2799.02
0.03032  2799.02
0.03034  2799.02
0.03036  2799.02
0.03038  2799.02
0.0304  2799.02
0.03042  2799.02
0.03044  2799.02
0.03046  2799.02
0.03048  2799.02
0.0305  2799.02
0.03052  2799.02
0.03054  2799.02
0.03056  2799.02
0.03058  2799.02
0.0306  2799.02
0.03062  2799.02
0.03064  2799.02
0.03066  2799.02
0.03068  2799.02
0.0307  2799.02
0.03072  2799.02
0.03074  2799.02
0.03076  2799.02
0.03078  2799.02
0.0308  2799.02
0.03082  2799.02
0.03084  2799.02
0.03086  2799.02
0.03088  2799.02
0.0309  2799.02
0.03092  2799.02
0.03094  2799.02
0.03096  2799.02
0.03098  2799.02
0.031  2799.02
0.03102  2799.02
0.03104  2799.02
0.03106  2799.02
0.03108  2799.02
0.0311  2799.02
0.03112  2799.02
0.03114  2799.02
0.03116  2799.02
0.03118  2799.02
0.0312  2799.02
0.03122  2799.02
0.03124  2799.02
0.03126  2799.02
0.03128  2799.02
0.0313  2799.02
0.03132  2799.02
0.03134  2799.02
0.03136  2799.02
0.03138  2799.02
0.0314  2799.02
0.03142  2799.02
0.03144  2799.02
0.03146  2799.02
0.03148  2799.02
0.0315  2799.02
0.03152  2799.02
0.03154  2799.02
0.03156  2799.02
0.03158  2799.02
0.0316  2799.02
0.03162  2799.02
0.03164  2799.02
0.03166  2799.02
0.03168  2799.02
0.0317  2799.02
0.03172  2799.02
0.03174  2799.02
0.03176  2799.02
0.03178  2799.02
0.0318  2799.02
0.03182  2799.02
0.03184  2799.02
0.03186  2799.02
0.03188  2799.02
0.0319  2799.02
0.03192  2799.02
0.03194  2799.02
0.03196  2799.02
0.03198  2799.02
0.032  2799.02
0.03202  2799.02
0.03204  2799.02
0.03206  2799.02
0.03208  2799.02
0.0321  2799.02
0.03212  2799.02
0.03214  2799.02
0.03216  2799.02
0.03218  2799.02
0.0322  2799.02
0.03222  2799.02
0.03224  2799.02
0.03226  2799.02
0.03228  2799.02
0.0323  2799.02
0.03232  2799.02
0.03234  2799.02
0.03236  2799.02
0.03238  2799.02
0.0324  2799.02
0.03242  2799.02
0.03244  2799.02
0.03246  2799.02
0.03248  2799.02
0.0325  2799.02
0.03252  2799.02
0.03254  2799.02
0.03256  2799.02
0.03258  2799.02
0.0326  2799.02
0.03262  2799.02
0.03264  2799.02
0.03266  2799.02
0.03268  2799.02
0.0327  2799.02
0.03272  2799.02
0.03274  2799.02
0.03276  2799.02
0.03278  2799.02
0.0328  2799.02
0.03282  2799.02
0.03284  2799.02
0.03286  2799.02
0.03288  2799.02
0.0329  2799.02
0.03292  2799.02
0.03294  2799.02
0.03296  2799.02
0.03298  2799.02
0.033  2799.02
0.03302  2799.02
0.03304  2799.02
0.03306  2799.02
0.03308  2799.02
0.0331  2799.02
0.03312  2799.02
0.03314  2799.02
0.03316  2799.02
0.03318  2799.02
0.0332  2799.02
0.03322  2799.02
0.03324  2799.02
0.03326  2799.02
0.03328  2799.02
0.0333  2799.02
0.03332  2799.02
0.03334  2799.02
0.03336  2799.02
0.03338  2799.02
0.0334  2799.02
0.03342  2799.02
0.03344  2799.02
0.03346  2799.02
0.03348  2799.02
0.0335  2799.02
0.03352  2799.02
0.03354  2799.02
0.03356  2799.02
0.03358  2799.02
0.0336  2799.02
0.03362  2799.02
0.03364  2799.02
0.03366  2799.02
0.03368  2799.02
0.0337  2799.02
0.03372  2799.02
0.03374  2799.02
0.03376  2799.02
0.03378  2799.02
0.0338  2799.02
0.03382  2799.02
0.03384  2799.02
0.03386  2799.02
0.03388  2799.02
0.0339  2799.02
0.03392  2799.02
0.03394  2799.02
0.03396  2799.02
0.03398  2799.02
0.034  2799.02
0.03402  2799.02
0.03404  2799.02
0.03406  2799.02
0.03408  2799.02
0.0341  2799.02
0.03412  2799.02
0.03414  2799.02
0.03416  2799.02
0.03418  2799.02
0.0342  2799.02
0.03422  2799.02
0.03424  2799.02
0.03426  2799.02
0.03428  2799.02
0.0343  2799.02
0.03432  2799.02
0.03434  2799.02
0.03436  2799.02
0.03438  2799.02
0.0344  2799.02
0.03442  2799.02
0.03444  2799.02
0.03446  2799.02
0.03448  2799.02
0.0345  2799.02
0.03452  2799.02
0.03454  2799.02
0.03456  2799.02
0.03458  2799.02
0.0346  2799.02
0.03462  2799.02
0.03464  2799.02
0.03466  2799.02
0.03468  2799.02
0.0347  2799.02
0.03472  2799.02
0.03474  2799.02
0.03476  2799.02
0.03478  2799.02
0.0348  2799.02
0.03482  2799.02
0.03484  2799.02
0.03486  2799.02
0.03488  2799.02
0.0349  2799.02
0.03492  2799.02
0.03494  2799.02
0.03496  2799.02
0.03498  2799.02
0.035  2799.02
0.03502  2799.02
0.03504  2799.02
0.03506  2799.02
0.03508  2799.02
0.0351  2799.02
0.03512  2799.02
0.03514  2799.02
0.03516  2799.02
0.03518  2799.02
0.0352  2799.02
0.03522  2799.02
0.03524  2799.02
0.03526  2799.02
0.03528  2799.02
0.0353  2799.02
0.03532  2799.02
0.03534  2799.02
0.03536  2799.02
0.03538  2799.02
0.0354  2799.02
0.03542  2799.02
0.03544  2799.02
0.03546  2799.02
0.03548  2799.02
0.0355  2799.02
0.03552  2799.02
0.03554  2799.02
0.03556  2799.02
0.03558  2799.02
0.0356  2799.02
0.03562  2799.02
0.03564  2799.02
0.03566  2799.02
0.03568  2799.02
0.0357  2799.02
0.03572  2799.02
0.03574  2799.02
0.03576  2799.02
0.03578  2799.02
0.0358  2799.02
0.03582  2799.02
0.03584  2799.02
0.03586  2799.02
0.03588  2799.02
0.0359  2799.02
0.03592  2799.02
0.03594  2799.02
0.03596  2799.02
0.03598  2799.02
0.036  2799.02
0.03602  2799.02
0.03604  2799.02
0.03606  2799.02
0.03608  2799.02
0.0361  2799.02
0.03612  2799.02
0.03614  2799.02
0.03616  2799.02
0.03618  2799.02
0.0362  2799.02
0.03622  2799.02
0.03624  2799.02
0.03626  2799.02
0.03628  2799.02
0.0363  2799.02
0.03632  2799.02
0.03634  2799.02
0.03636  2799.02
0.03638  2799.02
0.0364  2799.02
0.03642  2799.02
0.03644  2799.02
0.03646  2799.02
0.03648  2799.02
0.0365  2799.02
0.03652  2799.02
0.03654  2799.02
0.03656  2799.02
0.03658  2799.02
0.0366  2799.02
0.03662  2799.02
0.03664  2799.02
0.03666  2799.02
0.03668  2799.02
0.0367  2799.02
0.03672  2799.02
0.03674  2799.02
0.03676  2799.02
0.03678  2799.02
0.0368  2799.02
0.03682  2799.02
0.03684  2799.02
0.03686  2799.02
0.03688  2799.02
0.0369  2799.02
0.03692  2799.02
0.03694  2799.02
0.03696  2799.02
0.03698  2799.02
0.037  2799.02
0.03702  2799.02
0.03704  2799.02
0.03706  2799.02
0.03708  2799.02
0.0371  2799.02
0.03712  2799.02
0.03714  2799.02
0.03716  2799.02
0.03718  2799.02
0.0372  2799.02
0.03722  2799.02
0.03724  2799.02
0.03726  2799.02
0.03728  2799.02
0.0373  2799.02
0.03732  2799.02
0.03734  2799.02
0.03736  2799.02
0.03738  2799.02
0.0374  2799.02
0.03742  2799.02
0.03744  2799.02
0.03746  2799.02
0.03748  2799.02
0.0375  2799.02
0.03752  2799.02
0.03754  2799.02
0.03756  2799.02
0.03758  2799.02
0.0376  2799.02
0.03762  2799.02
0.03764  2799.02
0.03766  2799.02
0.03768  2799.02
0.0377  2799.02
0.03772  2799.02
0.03774  2799.02
0.03776  2799.02
0.03778  2799.02
0.0378  2799.02
0.03782  2799.02
0.03784  2799.02
0.03786  2799.02
0.03788  2799.02
0.0379  2799.02
0.03792  2799.02
0.03794  2799.02
0.03796  2799.02
0.03798  2799.02
0.038  2799.02
0.03802  2799.02
0.03804  2799.02
0.03806  2799.02
0.03808  2799.02
0.0381  2799.02
0.03812  2799.02
0.03814  2799.02
0.03816  2799.02
0.03818  2799.02
0.0382  2799.02
0.03822  2799.02
0.03824  2799.02
0.03826  2799.02
0.03828  2799.02
0.0383  2799.02
0.03832  2799.02
0.03834  2799.02
0.03836  2799.02
0.03838  2799.02
0.0384  2799.02
0.03842  2799.02
0.03844  2799.02
0.03846  2799.02
0.03848  2799.02
0.0385  2799.02
0.03852  2799.02
0.03854  2799.02
0.03856  2799.02
0.03858  2799.02
0.0386  2799.02
0.03862  2799.02
0.03864  2799.02
0.03866  2799.02
0.03868  2799.02
0.0387  2799.02
0.03872  2799.02
0.03874  2799.02
0.03876  2799.02
0.03878  2799.02
0.0388  2799.02
0.03882  2799.02
0.03884  2799.02
0.03886  2799.02
0.03888  2799.02
0.0389  2799.02
0.03892  2799.02
0.03894  2799.02
0.03896  2799.02
0.03898  2799.02
0.039  2799.02
0.03902  2799.02
0.03904  2799.02
0.03906  2799.02
0.03908  2799.02
0.0391  2799.02
0.03912  2799.02
0.03914  2799.02
0.03916  2799.02
0.03918  2799.02
0.0392  2799.02
0.03922  2799.02
0.03924  2799.02
0.03926  2799.02
0.03928  2799.02
0.0393  2799.02
0.03932  2799.02
0.03934  2799.02
0.03936  2799.02
0.03938  2799.02
0.0394  2799.02
0.03942  2799.02
0.03944  2799.02
0.03946  2799.02
0.03948  2799.02
0.0395  2799.02
0.03952  2799.02
0.03954  2799.02
0.03956  2799.02
0.03958  2799.02
0.0396  2799.02
0.03962  2799.02
0.03964  2799.02
0.03966  2799.02
0.03968  2799.02
0.0397  2799.02
0.03972  2799.02
0.03974  2799.02
0.03976  2799.02
0.03978  2799.02
0.0398  2799.02
0.03982  2799.02
0.03984  2799.02
0.03986  2799.02
0.03988  2799.02
0.0399  2799.02
0.03992  2799.02
0.03994  2799.02
0.03996  2799.02
0.03998  2799.02
0.04  2799.020000
0.04002  2799.020000
0.04004  2799.020000
0.04006  2799.020000
0.04008  2799.020000
0.0401  2799.020000
0.04012  2799.020000
0.04014  2799.020000
0.04016  2799.020000
0.04018  2799.020000
0.0402  2799.020000
0.04022  2799.020000
0.04024  2799.020000
0.04026  2705.520000
0.04028  2553.940000
0.0403  2381.740000
0.04032  2191.060000
0.04034  1930.320000
0.04036  1590.088000
0.04038  1197.882000
0.0404  816.416000
0.04042  510.732000
0.04044  305.588000
0.04046  184.992200
0.04048  120.174800
0.0405  88.307800
0.04052  76.360800
0.04054  79.299600
0.04056  98.432400
0.04058  141.647800
0.0406  224.232000
0.04062  365.790000
0.04064  577.592000
0.04066  845.248000
0.04068  1128.388000
0.0407  1384.750000
0.04072  1595.584000
0.04074  1705.794000
0.04076  1812.568000
0.04078  1915.112000
0.0408  2012.800000
0.04082  2105.200000
0.04084  2192.000000
0.04086  2273.100000
0.04088  2348.440000
0.0409  2418.120000
0.04092  2482.300000
0.04094  2541.200000
0.04096  2595.100000
0.04098  2644.260000
0.041  2689.000000
0.04102  2729.600000
0.04104  2766.380000
0.04106  2799.580000
0.04108  2799.020000
0.0411  2799.020000
0.04112  2799.020000
0.04114  2799.020000
0.04116  2799.020000
0.04118  2799.020000
0.0412  2799.020000
0.04122  2799.020000
0.04124  2799.020000
0.04126  2799.020000
0.04128  2799.020000
0.0413  2799.020000
0.04132  2799.020000
0.04134  2799.020000
0.04136  2799.020000
0.04138  2799.020000
0.0414  2799.020000
0.04142  2799.020000
0.04144  2799.020000
0.04146  2799.020000
0.04148  2799.020000
0.0415  2799.020000
0.04152  2799.020000
0.04154  2799.020000
0.04156  2799.020000
0.04158  2799.020000
0.0416  2799.020000
0.04162  2799.020000
0.04164  2799.020000
0.04166  2799.020000
0.04168  2799.020000
0.0417  2799.020000
0.04172  2799.020000
0.04174  2799.020000
0.04176  2799.020000
0.04178  2799.020000
0.0418  2799.020000
0.04182  2799.020000
0.04184  2799.020000
0.04186  2799.020000
0.04188  2799.020000
0.0419  2799.020000
0.04192  2799.020000
0.04194  2799.020000
0.04196  2799.020000
0.04198  2799.020000
0.042  2799.020000
0.04202  2799.020000
0.04204  2799.020000
0.04206  2799.020000
0.04208  2799.020000
0.0421  2799.020000
0.04212  2799.020000
0.04214  2799.020000
0.04216  2799.020000
0.04218  2799.020000
0.0422  2799.020000
0.04222  2799.020000
0.04224  2799.020000
0.04226  2799.020000
0.04228  2799.020000
0.0423  2799.020000
0.04232  2799.020000
0.04234  2799.020000
0.04236  2799.020000
0.04238  2799.020000
0.0424  2799.020000
0.04242  2799.020000
0.04244  2799.020000
0.04246  2799.020000
0.04248  2799.020000
0.0425  2799.020000
0.04252  2799.020000
0.04254  2799.020000
0.04256  2799.020000
0.04258  2799.020000
0.0426  2799.020000
0.04262  2799.020000
0.04264  2799.020000
0.04266  2799.020000
0.04268  2799.020000
0.0427  2799.020000
0.04272  2799.020000
0.04274  2799.020000
0.04276  2799.020000
0.04278  2799.020000
0.0428  2799.020000
0.04282  2799.020000
0.04284  2799.020000
0.04286  2799.020000
0.04288  2799.020000
0.0429  2799.020000
0.04292  2799.020000
0.04294  2799.020000
0.04296  2799.020000
0.04298  2799.020000
0.043  2799.020000
0.04302  2799.02
0.04304  2799.02
0.04306  2799.02
0.04308  2799.02
0.0431  2799.02
0.04312  2799.02
0.04314  2799.02
0.04316  2799.02
0.04318  2799.02
0.0432  2799.02
0.04322  2799.02
0.04324  2799.02
0.04326  2799.02
0.04328  2799.02
0.0433  2799.02
0.04332  2799.02
0.04334  2799.02
0.04336  2799.02
0.04338  2799.02
0.0434  2799.02
0.04342  2799.02
0.04344  2799.02
0.04346  2799.02
0.04348  2799.02
0.0435  2799.02
0.04352  2799.02
0.04354  2799.02
0.04356  2799.02
0.04358  2799.02
0.0436  2799.02
0.04362  2799.02
0.04364  2799.02
0.04366  2799.02
0.04368  2799.02
0.0437  2799.02
0.04372  2799.02
0.04374  2799.02
0.04376  2799.02
0.04378  2799.02
0.0438  2799.02
0.04382  2799.02
0.04384  2799.02
0.04386  2799.02
0.04388  2799.02
0.0439  2799.02
0.04392  2799.02
0.04394  2799.02
0.04396  2799.02
0.04398  2799.02
0.044  2799.02
0.04402  2799.02
0.04404  2799.02
0.04406  2799.02
0.04408  2799.02
0.0441  2799.02
0.04412  2799.02
0.04414  2799.02
0.04416  2799.02
0.04418  2799.02
0.0442  2799.02
0.04422  2799.02
0.04424  2799.02
0.04426  2799.02
0.04428  2799.02
0.0443  2799.02
0.04432  2799.02
0.04434  2799.02
0.04436  2799.02
0.04438  2799.02
0.0444  2799.02
0.04442  2799.02
0.04444  2799.02
0.04446  2799.02
0.04448  2799.02
0.0445  2799.02
0.04452  2799.02
0.04454  2799.02
0.04456  2799.02
0.04458  2799.02
0.0446  2799.02
0.04462  2799.02
0.04464  2799.02
0.04466  2799.02
0.04468  2799.02
0.0447  2799.02
0.04472  2799.02
0.04474  2799.02
0.04476  2799.02
0.04478  2799.02
0.0448  2799.02
0.04482  2799.02
0.04484  2799.02
0.04486  2799.02
0.04488  2799.02
0.0449  2799.02
0.04492  2799.02
0.04494  2799.02
0.04496  2799.02
0.04498  2799.02
0.045  2799.02
0.04502  2799.02
0.04504  2799.02
0.04506  2799.02
0.04508  2799.02
0.0451  2799.02
0.04512  2799.02
0.04514  2799.02
0.04516  2799.02
0.04518  2799.02
0.0452  2799.02
0.04522  2799.02
0.04524  2799.02
0.04526  2799.02
0.04528  2799.02
0.0453  2799.02
0.04532  2799.02
0.04534  2799.02
0.04536  2799.02
0.04538  2799.02
0.0454  2799.02
0.04542  2799.02
0.04544  2799.02
0.04546  2799.02
0.04548  2799.02
0.0455  2799.02
0.04552  2799.02
0.04554  2799.02
0.04556  2799.02
0.04558  2799.02
0.0456  2799.02
0.04562  2799.02
0.04564  2799.02
0.04566  2799.02
0.04568  2799.02
0.0457  2799.02
0.04572  2799.02
0.04574  2799.02
0.04576  2799.02
0.04578  2799.02
0.0458  2799.02
0.04582  2799.02
0.04584  2799.02
0.04586  2799.02
0.04588  2799.02
0.0459  2799.02
0.04592  2799.02
0.04594  2799.02
0.04596  2799.02
0.04598  2799.02
0.046  2799.02
0.04602  2799.02
0.04604  2799.02
0.04606  2799.02
0.04608  2799.02
0.0461  2799.02
0.04612  2799.02
0.04614  2799.02
0.04616  2799.02
0.04618  2799.02
0.0462  2799.02
0.04622  2799.02
0.04624  2799.02
0.04626  2799.02
0.04628  2799.02
0.0463  2799.02
0.04632  2799.02
0.04634  2799.02
0.04636  2799.02
0.04638  2799.02
0.0464  2799.02
0.04642  2799.02
0.04644  2799.02
0.04646  2799.02
0.04648  2799.02
0.0465  2799.02
0.04652  2799.02
0.04654  2799.02
0.04656  2799.02
0.04658  2799.02
0.0466  2799.02
0.04662  2799.02
0.04664  2799.02
0.04666  2799.02
0.04668  2799.02
0.0467  2799.02
0.04672  2799.02
0.04674  2799.02
0.04676  2799.02
0.04678  2799.02
0.0468  2799.02
0.04682  2799.02
0.04684  2799.02
0.04686  2799.02
0.04688  2799.02
0.0469  2799.02
0.04692  2799.02
0.04694  2799.02
0.04696  2799.02
0.04698  2799.02
0.047  2799.02
0.04702  2799.02
0.04704  2799.02
0.04706  2799.02
0.04708  2799.02
0.0471  2799.02
0.04712  2799.02
0.04714  2799.02
0.04716  2799.02
0.04718  2799.02
0.0472  2799.02
0.04722  2799.02
0.04724  2799.02
0.04726  2799.02
0.04728  2799.02
0.0473  2799.02
0.04732  2799.02
0.04734  2799.02
0.04736  2799.02
0.04738  2799.02
0.0474  2799.02
0.04742  2799.02
0.04744  2799.02
0.04746  2799.02
0.04748  2799.02
0.0475  2799.02
0.04752  2799.02
0.04754  2799.02
0.04756  2799.02
0.04758  2799.02
0.0476  2799.02
0.04762  2799.02
0.04764  2799.02
0.04766  2799.02
0.04768  2799.02
0.0477  2799.02
0.04772  2799.02
0.04774  2799.02
0.04776  2799.02
0.04778  2799.02
0.0478  2799.02
0.04782  2799.02
0.04784  2799.02
0.04786  2799.02
0.04788  2799.02
0.0479  2799.02
0.04792  2799.02
0.04794  2799.02
0.04796  2799.02
0.04798  2799.02
0.048  2799.02
0.04802  2799.02
0.04804  2799.02
0.04806  2799.02
0.04808  2799.02
0.0481  2799.02
0.04812  2799.02
0.04814  2799.02
0.04816  2799.02
0.04818  2799.02
0.0482  2799.02
0.04822  2799.02
0.04824  2799.02
0.04826  2799.02
0.04828  2799.02
0.0483  2799.02
0.04832  2799.02
0.04834  2799.02
0.04836  2799.02
0.04838  2799.02
0.0484  2799.02
0.04842  2799.02
0.04844  2799.02
0.04846  2799.02
0.04848  2799.02
0.0485  2799.02
0.04852  2799.02
0.04854  2799.02
0.04856  2799.02
0.04858  2799.02
0.0486  2799.02
0.04862  2799.02
0.04864  2799.02
0.04866  2799.02
0.04868  2799.02
0.0487  2799.02
0.04872  2799.02
0.04874  2799.02
0.04876  2799.02
0.04878  2799.02
0.0488  2799.02
0.04882  2799.02
0.04884  2799.02
0.04886  2799.02
0.04888  2799.02
0.0489  2799.02
0.04892  2799.02
0.04894  2799.02
0.04896  2799.02
0.04898  2799.02
0.049  2799.02
0.04902  2799.02
0.04904  2799.02
0.04906  2799.02
0.04908  2799.02
0.0491  2799.02
0.04912  2799.02
0.04914  2799.02
0.04916  2799.02
0.04918  2799.02
0.0492  2799.02
0.04922  2799.02
0.04924  2799.02
0.04926  2799.02
0.04928  2799.02
0.0493  2799.02
0.04932  2799.02
0.04934  2799.02
0.04936  2799.02
0.04938  2799.02
0.0494  2799.02
0.04942  2799.02
0.04944  2799.02
0.04946  2799.02
0.04948  2799.02
0.0495  2799.02
0.04952  2799.02
0.04954  2799.02
0.04956  2799.02
0.04958  2799.02
0.0496  2799.02
0.04962  2799.02
0.04964  2799.02
0.04966  2799.02
0.04968  2799.02
0.0497  2799.02
0.04972  2799.02
0.04974  2799.02
0.04976  2799.02
0.04978  2799.02
0.0498  2799.02
0.04982  2799.02
0.04984  2799.02
0.04986  2799.02
0.04988  2799.02
0.0499  2799.02
0.04992  2799.02
0.04994  2799.02
0.04996  2799.02
0.04998  2799.02
0.05  2799.02
0.05002  2799.02
0.05004  2799.02
0.05006  2799.02
0.05008  2799.02
0.0501  2799.02
0.05012  2799.02
0.05014  2799.02
0.05016  2799.02
0.05018  2799.02
0.0502  2799.02
0.05022  2799.02
0.05024  2799.02
0.05026  2799.02
0.05028  2799.02
0.0503  2799.02
0.05032  2799.02
0.05034  2799.02
0.05036  2799.02
0.05038  2799.02
0.0504  2799.02
0.05042  2799.02
0.05044  2799.02
0.05046  2799.02
0.05048  2799.02
0.0505  2799.02
0.05052  2799.02
0.05054  2799.02
0.05056  2799.02
0.05058  2799.02
0.0506  2799.02
0.05062  2799.02
0.05064  2799.02
0.05066  2799.02
0.05068  2799.02
0.0507  2799.02
0.05072  2799.02
0.05074  2799.02
0.05076  2799.02
0.05078  2799.02
0.0508  2799.02
0.05082  2799.02
0.05084  2799.02
0.05086  2799.02
0.05088  2799.02
0.0509  2799.02
0.05092  2799.02
0.05094  2799.02
0.05096  2799.02
0.05098  2799.02
0.051  2799.02
0.05102  2799.02
0.05104  2799.02
0.05106  2799.02
0.05108  2799.02
0.0511  2799.02
0.05112  2799.02
0.05114  2799.02
0.05116  2799.02
0.05118  2799.02
0.0512  2799.02
0.05122  2799.02
0.05124  2799.02
0.05126  2799.02
0.05128  2799.02
0.0513  2799.02
0.05132  2799.02
0.05134  2799.02
0.05136  2799.02
0.05138  2799.02
0.0514  2799.02
0.05142  2799.02
0.05144  2799.02
0.05146  2799.02
0.05148  2799.02
0.0515  2799.02
0.05152  2799.02
0.05154  2799.02
0.05156  2799.02
0.05158  2799.02
0.0516  2799.02
0.05162  2799.02
0.05164  2799.02
0.05166  2799.02
0.05168  2799.02
0.0517  2799.02
0.05172  2799.02
0.05174  2799.02
0.05176  2799.02
0.05178  2799.02
0.0518  2799.02
0.05182  2799.02
0.05184  2799.02
0.05186  2799.02
0.05188  2799.02
0.0519  2799.02
0.05192  2799.02
0.05194  2799.02
0.05196  2799.02
0.05198  2799.02
0.052  2799.02
0.05202  2799.02
0.05204  2799.02
0.05206  2799.02
0.05208  2799.02
0.0521  2799.02
0.05212  2799.02
0.05214  2799.02
0.05216  2799.02
0.05218  2799.02
0.0522  2799.02
0.05222  2799.02
0.05224  2799.02
0.05226  2799.02
0.05228  2799.02
0.0523  2799.02
0.05232  2799.02
0.05234  2799.02
0.05236  2799.02
0.05238  2799.02
0.0524  2799.02
0.05242  2799.02
0.05244  2799.02
0.05246  2799.02
0.05248  2799.02
0.0525  2799.02
0.05252  2799.02
0.05254  2799.02
0.05256  2799.02
0.05258  2799.02
0.0526  2799.02
0.05262  2799.02
0.05264  2799.02
0.05266  2799.02
0.05268  2799.02
0.0527  2799.02
0.05272  2799.02
0.05274  2799.02
0.05276  2799.02
0.05278  2799.02
0.0528  2799.02
0.05282  2799.02
0.05284  2799.02
0.05286  2799.02
0.05288  2799.02
0.0529  2799.02
0.05292  2799.02
0.05294  2799.02
0.05296  2799.02
0.05298  2799.02
0.053  2799.02
0.05302  2799.02
0.05304  2799.02
0.05306  2799.02
0.05308  2799.02
0.0531  2799.02
0.05312  2799.02
0.05314  2799.02
0.05316  2799.02
0.05318  2799.02
0.0532  2799.02
0.05322  2799.02
0.05324  2799.02
0.05326  2799.02
0.05328  2799.02
0.0533  2799.02
0.05332  2799.02
0.05334  2799.02
0.05336  2799.02
0.05338  2799.02
0.0534  2799.02
0.05342  2799.02
0.05344  2799.02
0.05346  2799.02
0.05348  2799.02
0.0535  2799.02
0.05352  2799.02
0.05354  2799.02
0.05356  2799.02
0.05358  2799.02
0.0536  2799.02
0.05362  2799.02
0.05364  2799.02
0.05366  2799.02
0.05368  2799.02
0.0537  2799.02
0.05372  2799.02
0.05374  2799.02
0.05376  2799.02
0.05378  2799.02
0.0538  2799.02
0.05382  2799.02
0.05384  2799.02
0.05386  2799.02
0.05388  2799.02
0.0539  2799.02
0.05392  2799.02
0.05394  2799.02
0.05396  2799.02
0.05398  2799.02
0.054  2799.02
0.05402  2799.02
0.05404  2799.02
0.05406  2799.02
0.05408  2799.02
0.0541  2799.02
0.05412  2799.02
0.05414  2799.02
0.05416  2799.02
0.05418  2799.02
0.0542  2799.02
0.05422  2799.02
0.05424  2799.02
0.05426  2799.02
0.05428  2799.02
0.0543  2799.02
0.05432  2799.02
0.05434  2799.02
0.05436  2799.02
0.05438  2799.02
0.0544  2799.02
0.05442  2799.02
0.05444  2799.02
0.05446  2799.02
0.05448  2799.02
0.0545  2799.02
0.05452  2799.02
0.05454  2799.02
0.05456  2799.02
0.05458  2799.02
0.0546  2799.02
0.05462  2799.02
0.05464  2799.02
0.05466  2799.02
0.05468  2799.02
0.0547  2799.02
0.05472  2799.02
0.05474  2799.02
0.05476  2799.02
0.05478  2799.02
0.0548  2799.02
0.05482  2799.02
0.05484  2799.02
0.05486  2799.02
0.05488  2799.02
0.0549  2799.02
0.05492  2799.02
0.05494  2799.02
0.05496  2799.02
0.05498  2799.02
0.055  2799.02
0.05502  2799.02
0.05504  2799.02
0.05506  2799.02
0.05508  2799.02
0.0551  2799.02
0.05512  2799.02
0.05514  2799.02
0.05516  2799.02
0.05518  2799.02
0.0552  2799.02
0.05522  2799.02
0.05524  2799.02
0.05526  2799.02
0.05528  2799.02
0.0553  2799.02
0.05532  2799.02
0.05534  2799.02
0.05536  2799.02
0.05538  2799.02
0.0554  2799.02
0.05542  2799.02
0.05544  2799.02
0.05546  2799.02
0.05548  2799.02
0.0555  2799.02
0.05552  2799.02
0.05554  2799.02
0.05556  2799.02
0.05558  2799.02
0.0556  2799.02
0.05562  2799.02
0.05564  2799.02
0.05566  2799.02
0.05568  2799.02
0.0557  2799.02
0.05572  2799.02
0.05574  2799.02
0.05576  2799.02
0.05578  2799.02
0.0558  2799.02
0.05582  2799.02
0.05584  2799.02
0.05586  2799.02
0.05588  2799.02
0.0559  2799.02
0.05592  2799.02
0.05594  2799.02
0.05596  2799.02
0.05598  2799.02
0.056  2799.02
0.05602  2799.02
0.05604  2799.02
0.05606  2799.02
0.05608  2799.02
0.0561  2799.02
0.05612  2799.02
0.05614  2799.02
0.05616  2799.02
0.05618  2799.02
0.0562  2799.02
0.05622  2799.02
0.05624  2799.02
0.05626  2799.02
0.05628  2799.02
0.0563  2799.02
0.05632  2799.02
0.05634  2799.02
0.05636  2799.02
0.05638  2799.02
0.0564  2799.02
0.05642  2799.02
0.05644  2799.02
0.05646  2799.02
0.05648  2799.02
0.0565  2799.02
0.05652  2799.02
0.05654  2799.02
0.05656  2799.02
0.05658  2799.02
0.0566  2799.02
0.05662  2799.02
0.05664  2799.02
0.05666  2799.02
0.05668  2799.02
0.0567  2799.02
0.05672  2799.02
0.05674  2799.02
0.05676  2799.02
0.05678  2799.02
0.0568  2799.02
0.05682  2799.02
0.05684  2799.02
0.05686  2799.02
0.05688  2799.02
0.0569  2799.02
0.05692  2799.02
0.05694  2799.02
0.05696  2799.02
0.05698  2799.02
0.057  2799.02
0.05702  2799.02
0.05704  2799.02
0.05706  2799.02
0.05708  2799.02
0.0571  2799.02
0.05712  2799.02
0.05714  2799.02
0.05716  2799.02
0.05718  2799.02
0.0572  2799.02
0.05722  2799.02
0.05724  2799.02
0.05726  2799.02
0.05728  2799.02
0.0573  2799.02
0.05732  2799.02
0.05734  2799.02
0.05736  2799.02
0.05738  2799.02
0.0574  2799.02
0.05742  2799.02
0.05744  2799.02
0.05746  2799.02
0.05748  2799.02
0.0575  2799.02
0.05752  2799.02
0.05754  2799.02
0.05756  2799.02
0.05758  2799.02
0.0576  2799.02
0.05762  2799.02
0.05764  2799.02
0.05766  2799.02
0.05768  2799.02
0.0577  2799.02
0.05772  2799.02
0.05774  2799.02
0.05776  2799.02
0.05778  2799.02
0.0578  2799.02
0.05782  2799.02
0.05784  2799.02
0.05786  2799.02
0.05788  2799.02
0.0579  2799.02
0.05792  2799.02
0.05794  2799.02
0.05796  2799.02
0.05798  2799.02
0.058  2799.02
0.05802  2799.02
0.05804  2799.02
0.05806  2799.02
0.05808  2799.02
0.0581  2799.02
0.05812  2799.02
0.05814  2799.02
0.05816  2799.02
0.05818  2799.02
0.0582  2799.02
0.05822  2799.02
0.05824  2799.02
0.05826  2799.02
0.05828  2799.02
0.0583  2799.02
0.05832  2799.02
0.05834  2799.02
0.05836  2799.02
0.05838  2799.02
0.0584  2799.02
0.05842  2799.02
0.05844  2799.02
0.05846  2799.02
0.05848  2799.02
0.0585  2799.02
0.05852  2799.02
0.05854  2799.02
0.05856  2799.02
0.05858  2799.02
0.0586  2799.02
0.05862  2799.02
0.05864  2799.02
0.05866  2799.02
0.05868  2799.02
0.0587  2799.02
0.05872  2799.02
0.05874  2799.02
0.05876  2799.02
0.05878  2799.02
0.0588  2799.02
0.05882  2799.02
0.05884  2799.02
0.05886  2799.02
0.05888  2799.02
0.0589  2799.02
0.05892  2799.02
0.05894  2799.02
0.05896  2799.02
0.05898  2799.02
0.059  2799.02
0.05902  2799.02
0.05904  2799.02
0.05906  2799.02
0.05908  2799.02
0.0591  2799.02
0.05912  2799.02
0.05914  2799.02
0.05916  2799.02
0.05918  2799.02
0.0592  2799.02
0.05922  2799.02
0.05924  2799.02
0.05926  2799.02
0.05928  2799.02
0.0593  2799.02
0.05932  2799.02
0.05934  2799.02
0.05936  2799.02
0.05938  2799.02
0.0594  2799.02
0.05942  2799.02
0.05944  2799.02
0.05946  2799.02
0.05948  2799.02
0.0595  2799.02
0.05952  2799.02
0.05954  2799.02
0.05956  2799.02
0.05958  2799.02
0.0596  2799.02
0.05962  2799.02
0.05964  2799.02
0.05966  2799.02
0.05968  2799.02
0.0597  2799.02
0.05972  2799.02
0.05974  2799.02
0.05976  2799.02
0.05978  2799.02
0.0598  2799.02
0.05982  2799.02
0.05984  2799.02
0.05986  2799.02
0.05988  2799.02
0.0599  2799.02
0.05992  2799.02
0.05994  2799.02
0.05996  2799.02
0.05998  2799.02
0.06  2799.020000
0.06002  2799.020000
0.06004  2799.020000
0.06006  2799.020000
0.06008  2799.020000
0.0601  2799.020000
0.06012  2799.020000
0.06014  2799.020000
0.06016  2799.020000
0.06018  2799.020000
0.0602  2799.020000
0.06022  2799.020000
0.06024  2799.020000
0.06026  2705.520000
0.06028  2553.940000
0.0603  2381.740000
0.06032  2191.060000
0.06034  1930.320000
0.06036  1590.088000
0.06038  1197.882000
0.0604  816.416000
0.06042  510.732000
0.06044  305.588000
0.06046  184.992200
0.06048  120.174800
0.0605  88.307800
0.06052  76.360800
0.06054  79.299600
0.06056  98.432400
0.06058  141.647800
0.0606  224.232000
0.06062  365.790000
0.06064  577.592000
0.06066  845.248000
0.06068  1128.388000
0.0607  1384.750000
0.06072  1595.584000
0.06074  1705.794000
0.06076  1812.568000
0.06078  1915.112000
0.0608  2012.800000
0.06082  2105.200000
0.06084  2192.000000
0.06086  2273.100000
0.06088  2348.440000
0.0609  2418.120000
0.06092  2482.300000
0.06094  2541.200000
0.06096  2595.100000
0.06098  2644.260000
0.061  2689.000000
0.06102  2729.600000
0.06104  2766.380000
0.06106  2799.580000
0.06108  2799.020000
0.0611  2799.020000
0.06112  2799.020000
0.06114  2799.020000
0.06116  2799.020000
0.06118  2799.020000
0.0612  2799.020000
0.06122  2799.020000
0.06124  2799.020000
0.06126  2799.020000
0.06128  2799.020000
0.0613  2799.020000
0.06132  2799.020000
0.06134  2799.020000
0.06136  2799.020000
0.06138  2799.020000
0.0614  2799.020000
0.06142  2799.020000
0.06144  2799.020000
0.06146  2799.020000
0.06148  2799.020000
0.0615  2799.020000
0.06152  2799.020000
0.06154  2799.020000
0.06156  2799.020000
0.06158  2799.020000
0.0616  2799.020000
0.06162  2799.020000
0.06164  2799.020000
0.06166  2799.020000
0.06168  2799.020000
0.0617  2799.020000
0.06172  2799.020000
0.06174  2799.020000
0.06176  2799.020000
0.06178  2799.020000
0.0618  2799.020000
0.06182  2799.020000
0.06184  2799.020000
0.06186  2799.020000
0.06188  2799.020000
0.0619  2799.020000
0.06192  2799.020000
0.06194  2799.020000
0.06196  2799.020000
0.06198  2799.020000
0.062  2799.020000
0.06202  2799.020000
0.06204  2799.020000
0.06206  2799.020000
0.06208  2799.020000
0.0621  2799.020000
0.06212  2799.020000
0.06214  2799.020000
0.06216  2799.020000
0.06218  2799.020000
0.0622  2799.020000
0.06222  2799.020000
0.06224  2799.020000
0.06226  2799.020000
0.06228  2799.020000
0.0623  2799.020000
0.06232  2799.020000
0.06234  2799.020000
0.06236  2799.020000
0.06238  2799.020000
0.0624  2799.020000
0.06242  2799.020000
0.06244  2799.020000
0.06246  2799.020000
0.06248  2799.020000
0.0625  2799.020000
0.06252  2799.020000
0.06254  2799.020000
0.06256  2799.020000
0.06258  2799.020000
0.0626  2799.020000
0.06262  2799.020000
0.06264  2799.020000
0.06266  2799.020000
0.06268  2799.020000
0.0627  2799.020000
0.06272  2799.020000
0.06274  2799.020000
0.06276  2799.020000
0.06278  2799.020000
0.0628  2799.020000
0.06282  2799.020000
0.06284  2799.020000
0.06286  2799.020000
0.06288  2799.020000
0.0629  2799.020000
0.06292  2799.020000
0.06294  2799.020000
0.06296  2799.020000
0.06298  2799.020000
0.063  2799.020000
