0.00000000 2799.020000
0.00002000 2799.020000
0.00004000 2799.020000
0.00006000 2799.020000
0.00008000 2799.020000
0.00010000 2799.020000
0.00012000 2799.020000
0.00014000 2799.020000
0.00016000 2799.020000
0.00018000 2799.020000
0.00020000 2799.020000
0.00022000 2799.020000
0.00024000 2799.020000
0.00026000 2705.520000
0.00028000 2553.940000
0.00030000 2381.740000
0.00032000 2191.060000
0.00034000 1930.320000
0.00036000 1590.088000
0.00038000 1197.882000
0.00040000 816.416000
0.00042000 510.732000
0.00044000 305.588000
0.00046000 184.992200
0.00048000 120.174800
0.00050000 88.307800
0.00052000 76.360800
0.00054000 79.299600
0.00056000 98.432400
0.00058000 141.647800
0.00060000 224.232000
0.00062000 365.790000
0.00064000 577.592000
0.00066000 845.248000
0.00068000 1128.388000
0.00070000 1384.750000
0.00072000 1595.584000
0.00074000 1705.794000
0.00076000 1812.568000
0.00078000 1915.112000
0.00080000 2012.800000
0.00082000 2105.200000
0.00084000 2192.000000
0.00086000 2273.100000
0.00088000 2348.440000
0.00090000 2418.120000
0.00092000 2482.300000
0.00094000 2541.200000
0.00096000 2595.100000
0.00098000 2644.260000
0.00100000 2689.000000
0.00102000 2729.600000
0.00104000 2766.380000
0.00106000 2799.580000
0.00108000 2799.020000
0.00110000 2799.020000
0.00112000 2799.020000
0.00114000 2799.020000
0.00116000 2799.020000
0.00118000 2799.020000
0.00120000 2799.020000
0.00122000 2799.020000
0.00124000 2799.020000
0.00126000 2799.020000
0.00128000 2799.020000
0.00130000 2799.020000
0.00132000 2799.020000
0.00134000 2799.020000
0.00136000 2799.020000
0.00138000 2799.020000
0.00140000 2799.020000
0.00142000 2799.020000
0.00144000 2799.020000
0.00146000 2799.020000
0.00148000 2799.020000
0.00150000 2799.020000
0.00152000 2799.020000
0.00154000 2799.020000
0.00156000 2799.020000
0.00158000 2799.020000
0.00160000 2799.020000
0.00162000 2799.020000
0.00164000 2799.020000
0.00166000 2799.020000
0.00168000 2799.020000
0.00170000 2799.020000
0.00172000 2799.020000
0.00174000 2799.020000
0.00176000 2799.020000
0.00178000 2799.020000
0.00180000 2799.020000
0.00182000 2799.020000
0.00184000 2799.020000
0.00186000 2799.020000
0.00188000 2799.020000
0.00190000 2799.020000
0.00192000 2799.020000
0.00194000 2799.020000
0.00196000 2799.020000
0.00198000 2799.020000
0.00200000 2799.020000
0.00202000 2799.020000
0.00204000 2799.020000
0.00206000 2799.020000
0.00208000 2799.020000
0.00210000 2799.020000
0.00212000 2799.020000
0.00214000 2799.020000
0.00216000 2799.020000
0.00218000 2799.020000
0.00220000 2799.020000
0.00222000 2799.020000
0.00224000 2799.020000
0.00226000 2799.020000
0.00228000 2799.020000
0.00230000 2799.020000
0.00232000 2799.020000
0.00234000 2799.020000
0.00236000 2799.020000
0.00238000 2799.020000
0.00240000 2799.020000
0.00242000 2799.020000
0.00244000 2799.020000
0.00246000 2799.020000
0.00248000 2799.020000
0.00250000 2799.020000
0.00252000 2799.020000
0.00254000 2799.020000
0.00256000 2799.020000
0.00258000 2799.020000
0.00260000 2799.020000
0.00262000 2799.020000
0.00264000 2799.020000
0.00266000 2799.020000
0.00268000 2799.020000
0.00270000 2799.020000
0.00272000 2799.020000
0.00274000 2799.020000
0.00276000 2799.020000
0.00278000 2799.020000
0.00280000 2799.020000
0.00282000 2799.020000
0.00284000 2799.020000
0.00286000 2799.020000
0.00288000 2799.020000
0.00290000 2799.020000
0.00292000 2799.020000
0.00294000 2799.020000
0.00296000 2799.020000
0.00298000 2799.020000
0.00300000 2799.020000
