0.00000  1399.51
0.00002  1399.51
0.00004  1399.51
0.00006  1399.51
0.00008  1399.51
0.00010  1399.51
0.00012  1399.51
0.00014  1399.51
0.00016  1399.51
0.00018  1399.51
0.00020  1399.51
0.00022  1399.51
0.00024  1399.51
0.00026  1352.76
0.00028  1276.97
0.00030  1190.87
0.00032  1095.53
0.00034  965.16
0.00036  795.044
0.00038  598.941
0.00040  408.208
0.00042  255.366
0.00044  152.794
0.00046  92.4961
0.00048  60.0874
0.00050  44.1539
0.00052  38.1804
0.00054  39.6498
0.00056  49.2162
0.00058  70.8239
0.00060  112.116
0.00062  182.895
0.00064  288.796
0.00066  422.624
0.00068  564.194
0.00070  692.375
0.00072  797.792
0.00074  852.897
0.00076  906.284
0.00078  957.556
0.00080  1006.4
0.00082  1052.6
0.00084  1096
0.00086  1136.55
0.00088  1174.22
0.00090  1209.06
0.00092  1241.15
0.00094  1270.6
0.00096  1297.55
0.00098  1322.13
0.00100  1344.5
0.00102  1364.8
0.00104  1383.19
0.00106  1399.79
0.00108  1399.51
0.00110  1399.51
0.00112  1399.51
0.00114  1399.51
0.00116  1399.51
0.00118  1399.51
0.00120  1399.51
0.00122  1399.51
0.00124  1399.51
0.00126  1399.51
0.00128  1399.51
0.00130  1399.51
0.00132  1399.51
0.00134  1399.51
0.00136  1399.51
0.00138  1399.51
0.00140  1399.51
0.00142  1399.51
0.00144  1399.51
0.00146  1399.51
0.00148  1399.51
0.00150  1399.51
0.00152  1399.51
0.00154  1399.51
0.00156  1399.51
0.00158  1399.51
0.00160  1399.51
0.00162  1399.51
0.00164  1399.51
0.00166  1399.51
0.00168  1399.51
0.00170  1399.51
0.00172  1399.51
0.00174  1399.51
0.00176  1399.51
0.00178  1399.51
0.00180  1399.51
0.00182  1399.51
0.00184  1399.51
0.00186  1399.51
0.00188  1399.51
0.00190  1399.51
0.00192  1399.51
0.00194  1399.51
0.00196  1399.51
0.00198  1399.51
0.00200  1399.51
0.00202  1399.51
0.00204  1399.51
0.00206  1399.51
0.00208  1399.51
0.00210  1399.51
0.00212  1399.51
0.00214  1399.51
0.00216  1399.51
0.00218  1399.51
0.00220  1399.51
0.00222  1399.51
0.00224  1399.51
0.00226  1399.51
0.00228  1399.51
0.00230  1399.51
0.00232  1399.51
0.00234  1399.51
0.00236  1399.51
0.00238  1399.51
0.00240  1399.51
0.00242  1399.51
0.00244  1399.51
0.00246  1399.51
0.00248  1399.51
0.00250  1399.51
0.00252  1399.51
0.00254  1399.51
0.00256  1399.51
0.00258  1399.51
0.00260  1399.51
0.00262  1399.51
0.00264  1399.51
0.00266  1399.51
0.00268  1399.51
0.00270  1399.51
0.00272  1399.51
0.00274  1399.51
0.00276  1399.51
0.00278  1399.51
0.00280  1399.51
0.00282  1399.51
0.00284  1399.51
0.00286  1399.51
0.00288  1399.51
0.00290  1399.51
0.00292  1399.51
0.00294  1399.51
0.00296  1399.51
0.00298  1399.51
0.00300  1399.51
