0.00000000 4198.530000
0.00002000 4198.530000
0.00004000 4198.530000
0.00006000 4198.530000
0.00008000 4198.530000
0.00010000 4198.530000
0.00012000 4198.530000
0.00014000 4198.530000
0.00016000 4198.530000
0.00018000 4198.530000
0.00020000 4198.530000
0.00022000 4198.530000
0.00024000 4198.530000
0.00026000 4058.280000
0.00028000 3830.910000
0.00030000 3572.610000
0.00032000 3286.590000
0.00034000 2895.480000
0.00036000 2385.132000
0.00038000 1796.823000
0.00040000 1224.624000
0.00042000 766.098000
0.00044000 458.382000
0.00046000 277.488300
0.00048000 180.262200
0.00050000 132.461700
0.00052000 114.541200
0.00054000 118.949400
0.00056000 147.648600
0.00058000 212.471700
0.00060000 336.348000
0.00062000 548.685000
0.00064000 866.388000
0.00066000 1267.872000
0.00068000 1692.582000
0.00070000 2077.125000
0.00072000 2393.376000
0.00074000 2558.691000
0.00076000 2718.852000
0.00078000 2872.668000
0.00080000 3019.200000
0.00082000 3157.800000
0.00084000 3288.000000
0.00086000 3409.650000
0.00088000 3522.660000
0.00090000 3627.180000
0.00092000 3723.450000
0.00094000 3811.800000
0.00096000 3892.650000
0.00098000 3966.390000
0.00100000 4033.500000
0.00102000 4094.400000
0.00104000 4149.570000
0.00106000 4199.370000
0.00108000 4198.530000
0.00110000 4198.530000
0.00112000 4198.530000
0.00114000 4198.530000
0.00116000 4198.530000
0.00118000 4198.530000
0.00120000 4198.530000
0.00122000 4198.530000
0.00124000 4198.530000
0.00126000 4198.530000
0.00128000 4198.530000
0.00130000 4198.530000
0.00132000 4198.530000
0.00134000 4198.530000
0.00136000 4198.530000
0.00138000 4198.530000
0.00140000 4198.530000
0.00142000 4198.530000
0.00144000 4198.530000
0.00146000 4198.530000
0.00148000 4198.530000
0.00150000 4198.530000
0.00152000 4198.530000
0.00154000 4198.530000
0.00156000 4198.530000
0.00158000 4198.530000
0.00160000 4198.530000
0.00162000 4198.530000
0.00164000 4198.530000
0.00166000 4198.530000
0.00168000 4198.530000
0.00170000 4198.530000
0.00172000 4198.530000
0.00174000 4198.530000
0.00176000 4198.530000
0.00178000 4198.530000
0.00180000 4198.530000
0.00182000 4198.530000
0.00184000 4198.530000
0.00186000 4198.530000
0.00188000 4198.530000
0.00190000 4198.530000
0.00192000 4198.530000
0.00194000 4198.530000
0.00196000 4198.530000
0.00198000 4198.530000
0.00200000 4198.530000
0.00202000 4198.530000
0.00204000 4198.530000
0.00206000 4198.530000
0.00208000 4198.530000
0.00210000 4198.530000
0.00212000 4198.530000
0.00214000 4198.530000
0.00216000 4198.530000
0.00218000 4198.530000
0.00220000 4198.530000
0.00222000 4198.530000
0.00224000 4198.530000
0.00226000 4198.530000
0.00228000 4198.530000
0.00230000 4198.530000
0.00232000 4198.530000
0.00234000 4198.530000
0.00236000 4198.530000
0.00238000 4198.530000
0.00240000 4198.530000
0.00242000 4198.530000
0.00244000 4198.530000
0.00246000 4198.530000
0.00248000 4198.530000
0.00250000 4198.530000
0.00252000 4198.530000
0.00254000 4198.530000
0.00256000 4198.530000
0.00258000 4198.530000
0.00260000 4198.530000
0.00262000 4198.530000
0.00264000 4198.530000
0.00266000 4198.530000
0.00268000 4198.530000
0.00270000 4198.530000
0.00272000 4198.530000
0.00274000 4198.530000
0.00276000 4198.530000
0.00278000 4198.530000
0.00280000 4198.530000
0.00282000 4198.530000
0.00284000 4198.530000
0.00286000 4198.530000
0.00288000 4198.530000
0.00290000 4198.530000
0.00292000 4198.530000
0.00294000 4198.530000
0.00296000 4198.530000
0.00298000 4198.530000
0.00300000 4198.530000
0.00302  4198.53
0.00304  4198.53
0.00306  4198.53
0.00308  4198.53
0.0031  4198.53
0.00312  4198.53
0.00314  4198.53
0.00316  4198.53
0.00318  4198.53
0.0032  4198.53
0.00322  4198.53
0.00324  4198.53
0.00326  4198.53
0.00328  4198.53
0.0033  4198.53
0.00332  4198.53
0.00334  4198.53
0.00336  4198.53
0.00338  4198.53
0.0034  4198.53
0.00342  4198.53
0.00344  4198.53
0.00346  4198.53
0.00348  4198.53
0.0035  4198.53
0.00352  4198.53
0.00354  4198.53
0.00356  4198.53
0.00358  4198.53
0.0036  4198.53
0.00362  4198.53
0.00364  4198.53
0.00366  4198.53
0.00368  4198.53
0.0037  4198.53
0.00372  4198.53
0.00374  4198.53
0.00376  4198.53
0.00378  4198.53
0.0038  4198.53
0.00382  4198.53
0.00384  4198.53
0.00386  4198.53
0.00388  4198.53
0.0039  4198.53
0.00392  4198.53
0.00394  4198.53
0.00396  4198.53
0.00398  4198.53
0.004  4198.53
0.00402  4198.53
0.00404  4198.53
0.00406  4198.53
0.00408  4198.53
0.0041  4198.53
0.00412  4198.53
0.00414  4198.53
0.00416  4198.53
0.00418  4198.53
0.0042  4198.53
0.00422  4198.53
0.00424  4198.53
0.00426  4198.53
0.00428  4198.53
0.0043  4198.53
0.00432  4198.53
0.00434  4198.53
0.00436  4198.53
0.00438  4198.53
0.0044  4198.53
0.00442  4198.53
0.00444  4198.53
0.00446  4198.53
0.00448  4198.53
0.0045  4198.53
0.00452  4198.53
0.00454  4198.53
0.00456  4198.53
0.00458  4198.53
0.0046  4198.53
0.00462  4198.53
0.00464  4198.53
0.00466  4198.53
0.00468  4198.53
0.0047  4198.53
0.00472  4198.53
0.00474  4198.53
0.00476  4198.53
0.00478  4198.53
0.0048  4198.53
0.00482  4198.53
0.00484  4198.53
0.00486  4198.53
0.00488  4198.53
0.0049  4198.53
0.00492  4198.53
0.00494  4198.53
0.00496  4198.53
0.00498  4198.53
0.005  4198.53
0.00502  4198.53
0.00504  4198.53
0.00506  4198.53
0.00508  4198.53
0.0051  4198.53
0.00512  4198.53
0.00514  4198.53
0.00516  4198.53
0.00518  4198.53
0.0052  4198.53
0.00522  4198.53
0.00524  4198.53
0.00526  4198.53
0.00528  4198.53
0.0053  4198.53
0.00532  4198.53
0.00534  4198.53
0.00536  4198.53
0.00538  4198.53
0.0054  4198.53
0.00542  4198.53
0.00544  4198.53
0.00546  4198.53
0.00548  4198.53
0.0055  4198.53
0.00552  4198.53
0.00554  4198.53
0.00556  4198.53
0.00558  4198.53
0.0056  4198.53
0.00562  4198.53
0.00564  4198.53
0.00566  4198.53
0.00568  4198.53
0.0057  4198.53
0.00572  4198.53
0.00574  4198.53
0.00576  4198.53
0.00578  4198.53
0.0058  4198.53
0.00582  4198.53
0.00584  4198.53
0.00586  4198.53
0.00588  4198.53
0.0059  4198.53
0.00592  4198.53
0.00594  4198.53
0.00596  4198.53
0.00598  4198.53
0.006  4198.53
0.00602  4198.53
0.00604  4198.53
0.00606  4198.53
0.00608  4198.53
0.0061  4198.53
0.00612  4198.53
0.00614  4198.53
0.00616  4198.53
0.00618  4198.53
0.0062  4198.53
0.00622  4198.53
0.00624  4198.53
0.00626  4198.53
0.00628  4198.53
0.0063  4198.53
0.00632  4198.53
0.00634  4198.53
0.00636  4198.53
0.00638  4198.53
0.0064  4198.53
0.00642  4198.53
0.00644  4198.53
0.00646  4198.53
0.00648  4198.53
0.0065  4198.53
0.00652  4198.53
0.00654  4198.53
0.00656  4198.53
0.00658  4198.53
0.0066  4198.53
0.00662  4198.53
0.00664  4198.53
0.00666  4198.53
0.00668  4198.53
0.0067  4198.53
0.00672  4198.53
0.00674  4198.53
0.00676  4198.53
0.00678  4198.53
0.0068  4198.53
0.00682  4198.53
0.00684  4198.53
0.00686  4198.53
0.00688  4198.53
0.0069  4198.53
0.00692  4198.53
0.00694  4198.53
0.00696  4198.53
0.00698  4198.53
0.007  4198.53
0.00702  4198.53
0.00704  4198.53
0.00706  4198.53
0.00708  4198.53
0.0071  4198.53
0.00712  4198.53
0.00714  4198.53
0.00716  4198.53
0.00718  4198.53
0.0072  4198.53
0.00722  4198.53
0.00724  4198.53
0.00726  4198.53
0.00728  4198.53
0.0073  4198.53
0.00732  4198.53
0.00734  4198.53
0.00736  4198.53
0.00738  4198.53
0.0074  4198.53
0.00742  4198.53
0.00744  4198.53
0.00746  4198.53
0.00748  4198.53
0.0075  4198.53
0.00752  4198.53
0.00754  4198.53
0.00756  4198.53
0.00758  4198.53
0.0076  4198.53
0.00762  4198.53
0.00764  4198.53
0.00766  4198.53
0.00768  4198.53
0.0077  4198.53
0.00772  4198.53
0.00774  4198.53
0.00776  4198.53
0.00778  4198.53
0.0078  4198.53
0.00782  4198.53
0.00784  4198.53
0.00786  4198.53
0.00788  4198.53
0.0079  4198.53
0.00792  4198.53
0.00794  4198.53
0.00796  4198.53
0.00798  4198.53
0.008  4198.53
0.00802  4198.53
0.00804  4198.53
0.00806  4198.53
0.00808  4198.53
0.0081  4198.53
0.00812  4198.53
0.00814  4198.53
0.00816  4198.53
0.00818  4198.53
0.0082  4198.53
0.00822  4198.53
0.00824  4198.53
0.00826  4198.53
0.00828  4198.53
0.0083  4198.53
0.00832  4198.53
0.00834  4198.53
0.00836  4198.53
0.00838  4198.53
0.0084  4198.53
0.00842  4198.53
0.00844  4198.53
0.00846  4198.53
0.00848  4198.53
0.0085  4198.53
0.00852  4198.53
0.00854  4198.53
0.00856  4198.53
0.00858  4198.53
0.0086  4198.53
0.00862  4198.53
0.00864  4198.53
0.00866  4198.53
0.00868  4198.53
0.0087  4198.53
0.00872  4198.53
0.00874  4198.53
0.00876  4198.53
0.00878  4198.53
0.0088  4198.53
0.00882  4198.53
0.00884  4198.53
0.00886  4198.53
0.00888  4198.53
0.0089  4198.53
0.00892  4198.53
0.00894  4198.53
0.00896  4198.53
0.00898  4198.53
0.009  4198.53
0.00902  4198.53
0.00904  4198.53
0.00906  4198.53
0.00908  4198.53
0.0091  4198.53
0.00912  4198.53
0.00914  4198.53
0.00916  4198.53
0.00918  4198.53
0.0092  4198.53
0.00922  4198.53
0.00924  4198.53
0.00926  4198.53
0.00928  4198.53
0.0093  4198.53
0.00932  4198.53
0.00934  4198.53
0.00936  4198.53
0.00938  4198.53
0.0094  4198.53
0.00942  4198.53
0.00944  4198.53
0.00946  4198.53
0.00948  4198.53
0.0095  4198.53
0.00952  4198.53
0.00954  4198.53
0.00956  4198.53
0.00958  4198.53
0.0096  4198.53
0.00962  4198.53
0.00964  4198.53
0.00966  4198.53
0.00968  4198.53
0.0097  4198.53
0.00972  4198.53
0.00974  4198.53
0.00976  4198.53
0.00978  4198.53
0.0098  4198.53
0.00982  4198.53
0.00984  4198.53
0.00986  4198.53
0.00988  4198.53
0.0099  4198.53
0.00992  4198.53
0.00994  4198.53
0.00996  4198.53
0.00998  4198.53
0.01  4198.53
0.01002  4198.53
0.01004  4198.53
0.01006  4198.53
0.01008  4198.53
0.0101  4198.53
0.01012  4198.53
0.01014  4198.53
0.01016  4198.53
0.01018  4198.53
0.0102  4198.53
0.01022  4198.53
0.01024  4198.53
0.01026  4198.53
0.01028  4198.53
0.0103  4198.53
0.01032  4198.53
0.01034  4198.53
0.01036  4198.53
0.01038  4198.53
0.0104  4198.53
0.01042  4198.53
0.01044  4198.53
0.01046  4198.53
0.01048  4198.53
0.0105  4198.53
0.01052  4198.53
0.01054  4198.53
0.01056  4198.53
0.01058  4198.53
0.0106  4198.53
0.01062  4198.53
0.01064  4198.53
0.01066  4198.53
0.01068  4198.53
0.0107  4198.53
0.01072  4198.53
0.01074  4198.53
0.01076  4198.53
0.01078  4198.53
0.0108  4198.53
0.01082  4198.53
0.01084  4198.53
0.01086  4198.53
0.01088  4198.53
0.0109  4198.53
0.01092  4198.53
0.01094  4198.53
0.01096  4198.53
0.01098  4198.53
0.011  4198.53
0.01102  4198.53
0.01104  4198.53
0.01106  4198.53
0.01108  4198.53
0.0111  4198.53
0.01112  4198.53
0.01114  4198.53
0.01116  4198.53
0.01118  4198.53
0.0112  4198.53
0.01122  4198.53
0.01124  4198.53
0.01126  4198.53
0.01128  4198.53
0.0113  4198.53
0.01132  4198.53
0.01134  4198.53
0.01136  4198.53
0.01138  4198.53
0.0114  4198.53
0.01142  4198.53
0.01144  4198.53
0.01146  4198.53
0.01148  4198.53
0.0115  4198.53
0.01152  4198.53
0.01154  4198.53
0.01156  4198.53
0.01158  4198.53
0.0116  4198.53
0.01162  4198.53
0.01164  4198.53
0.01166  4198.53
0.01168  4198.53
0.0117  4198.53
0.01172  4198.53
0.01174  4198.53
0.01176  4198.53
0.01178  4198.53
0.0118  4198.53
0.01182  4198.53
0.01184  4198.53
0.01186  4198.53
0.01188  4198.53
0.0119  4198.53
0.01192  4198.53
0.01194  4198.53
0.01196  4198.53
0.01198  4198.53
0.012  4198.53
0.01202  4198.53
0.01204  4198.53
0.01206  4198.53
0.01208  4198.53
0.0121  4198.53
0.01212  4198.53
0.01214  4198.53
0.01216  4198.53
0.01218  4198.53
0.0122  4198.53
0.01222  4198.53
0.01224  4198.53
0.01226  4198.53
0.01228  4198.53
0.0123  4198.53
0.01232  4198.53
0.01234  4198.53
0.01236  4198.53
0.01238  4198.53
0.0124  4198.53
0.01242  4198.53
0.01244  4198.53
0.01246  4198.53
0.01248  4198.53
0.0125  4198.53
0.01252  4198.53
0.01254  4198.53
0.01256  4198.53
0.01258  4198.53
0.0126  4198.53
0.01262  4198.53
0.01264  4198.53
0.01266  4198.53
0.01268  4198.53
0.0127  4198.53
0.01272  4198.53
0.01274  4198.53
0.01276  4198.53
0.01278  4198.53
0.0128  4198.53
0.01282  4198.53
0.01284  4198.53
0.01286  4198.53
0.01288  4198.53
0.0129  4198.53
0.01292  4198.53
0.01294  4198.53
0.01296  4198.53
0.01298  4198.53
0.013  4198.53
0.01302  4198.53
0.01304  4198.53
0.01306  4198.53
0.01308  4198.53
0.0131  4198.53
0.01312  4198.53
0.01314  4198.53
0.01316  4198.53
0.01318  4198.53
0.0132  4198.53
0.01322  4198.53
0.01324  4198.53
0.01326  4198.53
0.01328  4198.53
0.0133  4198.53
0.01332  4198.53
0.01334  4198.53
0.01336  4198.53
0.01338  4198.53
0.0134  4198.53
0.01342  4198.53
0.01344  4198.53
0.01346  4198.53
0.01348  4198.53
0.0135  4198.53
0.01352  4198.53
0.01354  4198.53
0.01356  4198.53
0.01358  4198.53
0.0136  4198.53
0.01362  4198.53
0.01364  4198.53
0.01366  4198.53
0.01368  4198.53
0.0137  4198.53
0.01372  4198.53
0.01374  4198.53
0.01376  4198.53
0.01378  4198.53
0.0138  4198.53
0.01382  4198.53
0.01384  4198.53
0.01386  4198.53
0.01388  4198.53
0.0139  4198.53
0.01392  4198.53
0.01394  4198.53
0.01396  4198.53
0.01398  4198.53
0.014  4198.53
0.01402  4198.53
0.01404  4198.53
0.01406  4198.53
0.01408  4198.53
0.0141  4198.53
0.01412  4198.53
0.01414  4198.53
0.01416  4198.53
0.01418  4198.53
0.0142  4198.53
0.01422  4198.53
0.01424  4198.53
0.01426  4198.53
0.01428  4198.53
0.0143  4198.53
0.01432  4198.53
0.01434  4198.53
0.01436  4198.53
0.01438  4198.53
0.0144  4198.53
0.01442  4198.53
0.01444  4198.53
0.01446  4198.53
0.01448  4198.53
0.0145  4198.53
0.01452  4198.53
0.01454  4198.53
0.01456  4198.53
0.01458  4198.53
0.0146  4198.53
0.01462  4198.53
0.01464  4198.53
0.01466  4198.53
0.01468  4198.53
0.0147  4198.53
0.01472  4198.53
0.01474  4198.53
0.01476  4198.53
0.01478  4198.53
0.0148  4198.53
0.01482  4198.53
0.01484  4198.53
0.01486  4198.53
0.01488  4198.53
0.0149  4198.53
0.01492  4198.53
0.01494  4198.53
0.01496  4198.53
0.01498  4198.53
0.015  4198.53
0.01502  4198.53
0.01504  4198.53
0.01506  4198.53
0.01508  4198.53
0.0151  4198.53
0.01512  4198.53
0.01514  4198.53
0.01516  4198.53
0.01518  4198.53
0.0152  4198.53
0.01522  4198.53
0.01524  4198.53
0.01526  4198.53
0.01528  4198.53
0.0153  4198.53
0.01532  4198.53
0.01534  4198.53
0.01536  4198.53
0.01538  4198.53
0.0154  4198.53
0.01542  4198.53
0.01544  4198.53
0.01546  4198.53
0.01548  4198.53
0.0155  4198.53
0.01552  4198.53
0.01554  4198.53
0.01556  4198.53
0.01558  4198.53
0.0156  4198.53
0.01562  4198.53
0.01564  4198.53
0.01566  4198.53
0.01568  4198.53
0.0157  4198.53
0.01572  4198.53
0.01574  4198.53
0.01576  4198.53
0.01578  4198.53
0.0158  4198.53
0.01582  4198.53
0.01584  4198.53
0.01586  4198.53
0.01588  4198.53
0.0159  4198.53
0.01592  4198.53
0.01594  4198.53
0.01596  4198.53
0.01598  4198.53
0.016  4198.53
0.01602  4198.53
0.01604  4198.53
0.01606  4198.53
0.01608  4198.53
0.0161  4198.53
0.01612  4198.53
0.01614  4198.53
0.01616  4198.53
0.01618  4198.53
0.0162  4198.53
0.01622  4198.53
0.01624  4198.53
0.01626  4198.53
0.01628  4198.53
0.0163  4198.53
0.01632  4198.53
0.01634  4198.53
0.01636  4198.53
0.01638  4198.53
0.0164  4198.53
0.01642  4198.53
0.01644  4198.53
0.01646  4198.53
0.01648  4198.53
0.0165  4198.53
0.01652  4198.53
0.01654  4198.53
0.01656  4198.53
0.01658  4198.53
0.0166  4198.53
0.01662  4198.53
0.01664  4198.53
0.01666  4198.53
0.01668  4198.53
0.0167  4198.53
0.01672  4198.53
0.01674  4198.53
0.01676  4198.53
0.01678  4198.53
0.0168  4198.53
0.01682  4198.53
0.01684  4198.53
0.01686  4198.53
0.01688  4198.53
0.0169  4198.53
0.01692  4198.53
0.01694  4198.53
0.01696  4198.53
0.01698  4198.53
0.017  4198.53
0.01702  4198.53
0.01704  4198.53
0.01706  4198.53
0.01708  4198.53
0.0171  4198.53
0.01712  4198.53
0.01714  4198.53
0.01716  4198.53
0.01718  4198.53
0.0172  4198.53
0.01722  4198.53
0.01724  4198.53
0.01726  4198.53
0.01728  4198.53
0.0173  4198.53
0.01732  4198.53
0.01734  4198.53
0.01736  4198.53
0.01738  4198.53
0.0174  4198.53
0.01742  4198.53
0.01744  4198.53
0.01746  4198.53
0.01748  4198.53
0.0175  4198.53
0.01752  4198.53
0.01754  4198.53
0.01756  4198.53
0.01758  4198.53
0.0176  4198.53
0.01762  4198.53
0.01764  4198.53
0.01766  4198.53
0.01768  4198.53
0.0177  4198.53
0.01772  4198.53
0.01774  4198.53
0.01776  4198.53
0.01778  4198.53
0.0178  4198.53
0.01782  4198.53
0.01784  4198.53
0.01786  4198.53
0.01788  4198.53
0.0179  4198.53
0.01792  4198.53
0.01794  4198.53
0.01796  4198.53
0.01798  4198.53
0.018  4198.53
0.01802  4198.53
0.01804  4198.53
0.01806  4198.53
0.01808  4198.53
0.0181  4198.53
0.01812  4198.53
0.01814  4198.53
0.01816  4198.53
0.01818  4198.53
0.0182  4198.53
0.01822  4198.53
0.01824  4198.53
0.01826  4198.53
0.01828  4198.53
0.0183  4198.53
0.01832  4198.53
0.01834  4198.53
0.01836  4198.53
0.01838  4198.53
0.0184  4198.53
0.01842  4198.53
0.01844  4198.53
0.01846  4198.53
0.01848  4198.53
0.0185  4198.53
0.01852  4198.53
0.01854  4198.53
0.01856  4198.53
0.01858  4198.53
0.0186  4198.53
0.01862  4198.53
0.01864  4198.53
0.01866  4198.53
0.01868  4198.53
0.0187  4198.53
0.01872  4198.53
0.01874  4198.53
0.01876  4198.53
0.01878  4198.53
0.0188  4198.53
0.01882  4198.53
0.01884  4198.53
0.01886  4198.53
0.01888  4198.53
0.0189  4198.53
0.01892  4198.53
0.01894  4198.53
0.01896  4198.53
0.01898  4198.53
0.019  4198.53
0.01902  4198.53
0.01904  4198.53
0.01906  4198.53
0.01908  4198.53
0.0191  4198.53
0.01912  4198.53
0.01914  4198.53
0.01916  4198.53
0.01918  4198.53
0.0192  4198.53
0.01922  4198.53
0.01924  4198.53
0.01926  4198.53
0.01928  4198.53
0.0193  4198.53
0.01932  4198.53
0.01934  4198.53
0.01936  4198.53
0.01938  4198.53
0.0194  4198.53
0.01942  4198.53
0.01944  4198.53
0.01946  4198.53
0.01948  4198.53
0.0195  4198.53
0.01952  4198.53
0.01954  4198.53
0.01956  4198.53
0.01958  4198.53
0.0196  4198.53
0.01962  4198.53
0.01964  4198.53
0.01966  4198.53
0.01968  4198.53
0.0197  4198.53
0.01972  4198.53
0.01974  4198.53
0.01976  4198.53
0.01978  4198.53
0.0198  4198.53
0.01982  4198.53
0.01984  4198.53
0.01986  4198.53
0.01988  4198.53
0.0199  4198.53
0.01992  4198.53
0.01994  4198.53
0.01996  4198.53
0.01998  4198.53
0.02  4198.530000
0.02002  4198.530000
0.02004  4198.530000
0.02006  4198.530000
0.02008  4198.530000
0.0201  4198.530000
0.02012  4198.530000
0.02014  4198.530000
0.02016  4198.530000
0.02018  4198.530000
0.0202  4198.530000
0.02022  4198.530000
0.02024  4198.530000
0.02026  4058.280000
0.02028  3830.910000
0.0203  3572.610000
0.02032  3286.590000
0.02034  2895.480000
0.02036  2385.132000
0.02038  1796.823000
0.0204  1224.624000
0.02042  766.098000
0.02044  458.382000
0.02046  277.488300
0.02048  180.262200
0.0205  132.461700
0.02052  114.541200
0.02054  118.949400
0.02056  147.648600
0.02058  212.471700
0.0206  336.348000
0.02062  548.685000
0.02064  866.388000
0.02066  1267.872000
0.02068  1692.582000
0.0207  2077.125000
0.02072  2393.376000
0.02074  2558.691000
0.02076  2718.852000
0.02078  2872.668000
0.0208  3019.200000
0.02082  3157.800000
0.02084  3288.000000
0.02086  3409.650000
0.02088  3522.660000
0.0209  3627.180000
0.02092  3723.450000
0.02094  3811.800000
0.02096  3892.650000
0.02098  3966.390000
0.021  4033.500000
0.02102  4094.400000
0.02104  4149.570000
0.02106  4199.370000
0.02108  4198.530000
0.0211  4198.530000
0.02112  4198.530000
0.02114  4198.530000
0.02116  4198.530000
0.02118  4198.530000
0.0212  4198.530000
0.02122  4198.530000
0.02124  4198.530000
0.02126  4198.530000
0.02128  4198.530000
0.0213  4198.530000
0.02132  4198.530000
0.02134  4198.530000
0.02136  4198.530000
0.02138  4198.530000
0.0214  4198.530000
0.02142  4198.530000
0.02144  4198.530000
0.02146  4198.530000
0.02148  4198.530000
0.0215  4198.530000
0.02152  4198.530000
0.02154  4198.530000
0.02156  4198.530000
0.02158  4198.530000
0.0216  4198.530000
0.02162  4198.530000
0.02164  4198.530000
0.02166  4198.530000
0.02168  4198.530000
0.0217  4198.530000
0.02172  4198.530000
0.02174  4198.530000
0.02176  4198.530000
0.02178  4198.530000
0.0218  4198.530000
0.02182  4198.530000
0.02184  4198.530000
0.02186  4198.530000
0.02188  4198.530000
0.0219  4198.530000
0.02192  4198.530000
0.02194  4198.530000
0.02196  4198.530000
0.02198  4198.530000
0.022  4198.530000
0.02202  4198.530000
0.02204  4198.530000
0.02206  4198.530000
0.02208  4198.530000
0.0221  4198.530000
0.02212  4198.530000
0.02214  4198.530000
0.02216  4198.530000
0.02218  4198.530000
0.0222  4198.530000
0.02222  4198.530000
0.02224  4198.530000
0.02226  4198.530000
0.02228  4198.530000
0.0223  4198.530000
0.02232  4198.530000
0.02234  4198.530000
0.02236  4198.530000
0.02238  4198.530000
0.0224  4198.530000
0.02242  4198.530000
0.02244  4198.530000
0.02246  4198.530000
0.02248  4198.530000
0.0225  4198.530000
0.02252  4198.530000
0.02254  4198.530000
0.02256  4198.530000
0.02258  4198.530000
0.0226  4198.530000
0.02262  4198.530000
0.02264  4198.530000
0.02266  4198.530000
0.02268  4198.530000
0.0227  4198.530000
0.02272  4198.530000
0.02274  4198.530000
0.02276  4198.530000
0.02278  4198.530000
0.0228  4198.530000
0.02282  4198.530000
0.02284  4198.530000
0.02286  4198.530000
0.02288  4198.530000
0.0229  4198.530000
0.02292  4198.530000
0.02294  4198.530000
0.02296  4198.530000
0.02298  4198.530000
0.023  4198.530000
0.02302  4198.53
0.02304  4198.53
0.02306  4198.53
0.02308  4198.53
0.0231  4198.53
0.02312  4198.53
0.02314  4198.53
0.02316  4198.53
0.02318  4198.53
0.0232  4198.53
0.02322  4198.53
0.02324  4198.53
0.02326  4198.53
0.02328  4198.53
0.0233  4198.53
0.02332  4198.53
0.02334  4198.53
0.02336  4198.53
0.02338  4198.53
0.0234  4198.53
0.02342  4198.53
0.02344  4198.53
0.02346  4198.53
0.02348  4198.53
0.0235  4198.53
0.02352  4198.53
0.02354  4198.53
0.02356  4198.53
0.02358  4198.53
0.0236  4198.53
0.02362  4198.53
0.02364  4198.53
0.02366  4198.53
0.02368  4198.53
0.0237  4198.53
0.02372  4198.53
0.02374  4198.53
0.02376  4198.53
0.02378  4198.53
0.0238  4198.53
0.02382  4198.53
0.02384  4198.53
0.02386  4198.53
0.02388  4198.53
0.0239  4198.53
0.02392  4198.53
0.02394  4198.53
0.02396  4198.53
0.02398  4198.53
0.024  4198.53
0.02402  4198.53
0.02404  4198.53
0.02406  4198.53
0.02408  4198.53
0.0241  4198.53
0.02412  4198.53
0.02414  4198.53
0.02416  4198.53
0.02418  4198.53
0.0242  4198.53
0.02422  4198.53
0.02424  4198.53
0.02426  4198.53
0.02428  4198.53
0.0243  4198.53
0.02432  4198.53
0.02434  4198.53
0.02436  4198.53
0.02438  4198.53
0.0244  4198.53
0.02442  4198.53
0.02444  4198.53
0.02446  4198.53
0.02448  4198.53
0.0245  4198.53
0.02452  4198.53
0.02454  4198.53
0.02456  4198.53
0.02458  4198.53
0.0246  4198.53
0.02462  4198.53
0.02464  4198.53
0.02466  4198.53
0.02468  4198.53
0.0247  4198.53
0.02472  4198.53
0.02474  4198.53
0.02476  4198.53
0.02478  4198.53
0.0248  4198.53
0.02482  4198.53
0.02484  4198.53
0.02486  4198.53
0.02488  4198.53
0.0249  4198.53
0.02492  4198.53
0.02494  4198.53
0.02496  4198.53
0.02498  4198.53
0.025  4198.53
0.02502  4198.53
0.02504  4198.53
0.02506  4198.53
0.02508  4198.53
0.0251  4198.53
0.02512  4198.53
0.02514  4198.53
0.02516  4198.53
0.02518  4198.53
0.0252  4198.53
0.02522  4198.53
0.02524  4198.53
0.02526  4198.53
0.02528  4198.53
0.0253  4198.53
0.02532  4198.53
0.02534  4198.53
0.02536  4198.53
0.02538  4198.53
0.0254  4198.53
0.02542  4198.53
0.02544  4198.53
0.02546  4198.53
0.02548  4198.53
0.0255  4198.53
0.02552  4198.53
0.02554  4198.53
0.02556  4198.53
0.02558  4198.53
0.0256  4198.53
0.02562  4198.53
0.02564  4198.53
0.02566  4198.53
0.02568  4198.53
0.0257  4198.53
0.02572  4198.53
0.02574  4198.53
0.02576  4198.53
0.02578  4198.53
0.0258  4198.53
0.02582  4198.53
0.02584  4198.53
0.02586  4198.53
0.02588  4198.53
0.0259  4198.53
0.02592  4198.53
0.02594  4198.53
0.02596  4198.53
0.02598  4198.53
0.026  4198.53
0.02602  4198.53
0.02604  4198.53
0.02606  4198.53
0.02608  4198.53
0.0261  4198.53
0.02612  4198.53
0.02614  4198.53
0.02616  4198.53
0.02618  4198.53
0.0262  4198.53
0.02622  4198.53
0.02624  4198.53
0.02626  4198.53
0.02628  4198.53
0.0263  4198.53
0.02632  4198.53
0.02634  4198.53
0.02636  4198.53
0.02638  4198.53
0.0264  4198.53
0.02642  4198.53
0.02644  4198.53
0.02646  4198.53
0.02648  4198.53
0.0265  4198.53
0.02652  4198.53
0.02654  4198.53
0.02656  4198.53
0.02658  4198.53
0.0266  4198.53
0.02662  4198.53
0.02664  4198.53
0.02666  4198.53
0.02668  4198.53
0.0267  4198.53
0.02672  4198.53
0.02674  4198.53
0.02676  4198.53
0.02678  4198.53
0.0268  4198.53
0.02682  4198.53
0.02684  4198.53
0.02686  4198.53
0.02688  4198.53
0.0269  4198.53
0.02692  4198.53
0.02694  4198.53
0.02696  4198.53
0.02698  4198.53
0.027  4198.53
0.02702  4198.53
0.02704  4198.53
0.02706  4198.53
0.02708  4198.53
0.0271  4198.53
0.02712  4198.53
0.02714  4198.53
0.02716  4198.53
0.02718  4198.53
0.0272  4198.53
0.02722  4198.53
0.02724  4198.53
0.02726  4198.53
0.02728  4198.53
0.0273  4198.53
0.02732  4198.53
0.02734  4198.53
0.02736  4198.53
0.02738  4198.53
0.0274  4198.53
0.02742  4198.53
0.02744  4198.53
0.02746  4198.53
0.02748  4198.53
0.0275  4198.53
0.02752  4198.53
0.02754  4198.53
0.02756  4198.53
0.02758  4198.53
0.0276  4198.53
0.02762  4198.53
0.02764  4198.53
0.02766  4198.53
0.02768  4198.53
0.0277  4198.53
0.02772  4198.53
0.02774  4198.53
0.02776  4198.53
0.02778  4198.53
0.0278  4198.53
0.02782  4198.53
0.02784  4198.53
0.02786  4198.53
0.02788  4198.53
0.0279  4198.53
0.02792  4198.53
0.02794  4198.53
0.02796  4198.53
0.02798  4198.53
0.028  4198.53
0.02802  4198.53
0.02804  4198.53
0.02806  4198.53
0.02808  4198.53
0.0281  4198.53
0.02812  4198.53
0.02814  4198.53
0.02816  4198.53
0.02818  4198.53
0.0282  4198.53
0.02822  4198.53
0.02824  4198.53
0.02826  4198.53
0.02828  4198.53
0.0283  4198.53
0.02832  4198.53
0.02834  4198.53
0.02836  4198.53
0.02838  4198.53
0.0284  4198.53
0.02842  4198.53
0.02844  4198.53
0.02846  4198.53
0.02848  4198.53
0.0285  4198.53
0.02852  4198.53
0.02854  4198.53
0.02856  4198.53
0.02858  4198.53
0.0286  4198.53
0.02862  4198.53
0.02864  4198.53
0.02866  4198.53
0.02868  4198.53
0.0287  4198.53
0.02872  4198.53
0.02874  4198.53
0.02876  4198.53
0.02878  4198.53
0.0288  4198.53
0.02882  4198.53
0.02884  4198.53
0.02886  4198.53
0.02888  4198.53
0.0289  4198.53
0.02892  4198.53
0.02894  4198.53
0.02896  4198.53
0.02898  4198.53
0.029  4198.53
0.02902  4198.53
0.02904  4198.53
0.02906  4198.53
0.02908  4198.53
0.0291  4198.53
0.02912  4198.53
0.02914  4198.53
0.02916  4198.53
0.02918  4198.53
0.0292  4198.53
0.02922  4198.53
0.02924  4198.53
0.02926  4198.53
0.02928  4198.53
0.0293  4198.53
0.02932  4198.53
0.02934  4198.53
0.02936  4198.53
0.02938  4198.53
0.0294  4198.53
0.02942  4198.53
0.02944  4198.53
0.02946  4198.53
0.02948  4198.53
0.0295  4198.53
0.02952  4198.53
0.02954  4198.53
0.02956  4198.53
0.02958  4198.53
0.0296  4198.53
0.02962  4198.53
0.02964  4198.53
0.02966  4198.53
0.02968  4198.53
0.0297  4198.53
0.02972  4198.53
0.02974  4198.53
0.02976  4198.53
0.02978  4198.53
0.0298  4198.53
0.02982  4198.53
0.02984  4198.53
0.02986  4198.53
0.02988  4198.53
0.0299  4198.53
0.02992  4198.53
0.02994  4198.53
0.02996  4198.53
0.02998  4198.53
0.03  4198.53
0.03002  4198.53
0.03004  4198.53
0.03006  4198.53
0.03008  4198.53
0.0301  4198.53
0.03012  4198.53
0.03014  4198.53
0.03016  4198.53
0.03018  4198.53
0.0302  4198.53
0.03022  4198.53
0.03024  4198.53
0.03026  4198.53
0.03028  4198.53
0.0303  4198.53
0.03032  4198.53
0.03034  4198.53
0.03036  4198.53
0.03038  4198.53
0.0304  4198.53
0.03042  4198.53
0.03044  4198.53
0.03046  4198.53
0.03048  4198.53
0.0305  4198.53
0.03052  4198.53
0.03054  4198.53
0.03056  4198.53
0.03058  4198.53
0.0306  4198.53
0.03062  4198.53
0.03064  4198.53
0.03066  4198.53
0.03068  4198.53
0.0307  4198.53
0.03072  4198.53
0.03074  4198.53
0.03076  4198.53
0.03078  4198.53
0.0308  4198.53
0.03082  4198.53
0.03084  4198.53
0.03086  4198.53
0.03088  4198.53
0.0309  4198.53
0.03092  4198.53
0.03094  4198.53
0.03096  4198.53
0.03098  4198.53
0.031  4198.53
0.03102  4198.53
0.03104  4198.53
0.03106  4198.53
0.03108  4198.53
0.0311  4198.53
0.03112  4198.53
0.03114  4198.53
0.03116  4198.53
0.03118  4198.53
0.0312  4198.53
0.03122  4198.53
0.03124  4198.53
0.03126  4198.53
0.03128  4198.53
0.0313  4198.53
0.03132  4198.53
0.03134  4198.53
0.03136  4198.53
0.03138  4198.53
0.0314  4198.53
0.03142  4198.53
0.03144  4198.53
0.03146  4198.53
0.03148  4198.53
0.0315  4198.53
0.03152  4198.53
0.03154  4198.53
0.03156  4198.53
0.03158  4198.53
0.0316  4198.53
0.03162  4198.53
0.03164  4198.53
0.03166  4198.53
0.03168  4198.53
0.0317  4198.53
0.03172  4198.53
0.03174  4198.53
0.03176  4198.53
0.03178  4198.53
0.0318  4198.53
0.03182  4198.53
0.03184  4198.53
0.03186  4198.53
0.03188  4198.53
0.0319  4198.53
0.03192  4198.53
0.03194  4198.53
0.03196  4198.53
0.03198  4198.53
0.032  4198.53
0.03202  4198.53
0.03204  4198.53
0.03206  4198.53
0.03208  4198.53
0.0321  4198.53
0.03212  4198.53
0.03214  4198.53
0.03216  4198.53
0.03218  4198.53
0.0322  4198.53
0.03222  4198.53
0.03224  4198.53
0.03226  4198.53
0.03228  4198.53
0.0323  4198.53
0.03232  4198.53
0.03234  4198.53
0.03236  4198.53
0.03238  4198.53
0.0324  4198.53
0.03242  4198.53
0.03244  4198.53
0.03246  4198.53
0.03248  4198.53
0.0325  4198.53
0.03252  4198.53
0.03254  4198.53
0.03256  4198.53
0.03258  4198.53
0.0326  4198.53
0.03262  4198.53
0.03264  4198.53
0.03266  4198.53
0.03268  4198.53
0.0327  4198.53
0.03272  4198.53
0.03274  4198.53
0.03276  4198.53
0.03278  4198.53
0.0328  4198.53
0.03282  4198.53
0.03284  4198.53
0.03286  4198.53
0.03288  4198.53
0.0329  4198.53
0.03292  4198.53
0.03294  4198.53
0.03296  4198.53
0.03298  4198.53
0.033  4198.53
0.03302  4198.53
0.03304  4198.53
0.03306  4198.53
0.03308  4198.53
0.0331  4198.53
0.03312  4198.53
0.03314  4198.53
0.03316  4198.53
0.03318  4198.53
0.0332  4198.53
0.03322  4198.53
0.03324  4198.53
0.03326  4198.53
0.03328  4198.53
0.0333  4198.53
0.03332  4198.53
0.03334  4198.53
0.03336  4198.53
0.03338  4198.53
0.0334  4198.53
0.03342  4198.53
0.03344  4198.53
0.03346  4198.53
0.03348  4198.53
0.0335  4198.53
0.03352  4198.53
0.03354  4198.53
0.03356  4198.53
0.03358  4198.53
0.0336  4198.53
0.03362  4198.53
0.03364  4198.53
0.03366  4198.53
0.03368  4198.53
0.0337  4198.53
0.03372  4198.53
0.03374  4198.53
0.03376  4198.53
0.03378  4198.53
0.0338  4198.53
0.03382  4198.53
0.03384  4198.53
0.03386  4198.53
0.03388  4198.53
0.0339  4198.53
0.03392  4198.53
0.03394  4198.53
0.03396  4198.53
0.03398  4198.53
0.034  4198.53
0.03402  4198.53
0.03404  4198.53
0.03406  4198.53
0.03408  4198.53
0.0341  4198.53
0.03412  4198.53
0.03414  4198.53
0.03416  4198.53
0.03418  4198.53
0.0342  4198.53
0.03422  4198.53
0.03424  4198.53
0.03426  4198.53
0.03428  4198.53
0.0343  4198.53
0.03432  4198.53
0.03434  4198.53
0.03436  4198.53
0.03438  4198.53
0.0344  4198.53
0.03442  4198.53
0.03444  4198.53
0.03446  4198.53
0.03448  4198.53
0.0345  4198.53
0.03452  4198.53
0.03454  4198.53
0.03456  4198.53
0.03458  4198.53
0.0346  4198.53
0.03462  4198.53
0.03464  4198.53
0.03466  4198.53
0.03468  4198.53
0.0347  4198.53
0.03472  4198.53
0.03474  4198.53
0.03476  4198.53
0.03478  4198.53
0.0348  4198.53
0.03482  4198.53
0.03484  4198.53
0.03486  4198.53
0.03488  4198.53
0.0349  4198.53
0.03492  4198.53
0.03494  4198.53
0.03496  4198.53
0.03498  4198.53
0.035  4198.53
0.03502  4198.53
0.03504  4198.53
0.03506  4198.53
0.03508  4198.53
0.0351  4198.53
0.03512  4198.53
0.03514  4198.53
0.03516  4198.53
0.03518  4198.53
0.0352  4198.53
0.03522  4198.53
0.03524  4198.53
0.03526  4198.53
0.03528  4198.53
0.0353  4198.53
0.03532  4198.53
0.03534  4198.53
0.03536  4198.53
0.03538  4198.53
0.0354  4198.53
0.03542  4198.53
0.03544  4198.53
0.03546  4198.53
0.03548  4198.53
0.0355  4198.53
0.03552  4198.53
0.03554  4198.53
0.03556  4198.53
0.03558  4198.53
0.0356  4198.53
0.03562  4198.53
0.03564  4198.53
0.03566  4198.53
0.03568  4198.53
0.0357  4198.53
0.03572  4198.53
0.03574  4198.53
0.03576  4198.53
0.03578  4198.53
0.0358  4198.53
0.03582  4198.53
0.03584  4198.53
0.03586  4198.53
0.03588  4198.53
0.0359  4198.53
0.03592  4198.53
0.03594  4198.53
0.03596  4198.53
0.03598  4198.53
0.036  4198.53
0.03602  4198.53
0.03604  4198.53
0.03606  4198.53
0.03608  4198.53
0.0361  4198.53
0.03612  4198.53
0.03614  4198.53
0.03616  4198.53
0.03618  4198.53
0.0362  4198.53
0.03622  4198.53
0.03624  4198.53
0.03626  4198.53
0.03628  4198.53
0.0363  4198.53
0.03632  4198.53
0.03634  4198.53
0.03636  4198.53
0.03638  4198.53
0.0364  4198.53
0.03642  4198.53
0.03644  4198.53
0.03646  4198.53
0.03648  4198.53
0.0365  4198.53
0.03652  4198.53
0.03654  4198.53
0.03656  4198.53
0.03658  4198.53
0.0366  4198.53
0.03662  4198.53
0.03664  4198.53
0.03666  4198.53
0.03668  4198.53
0.0367  4198.53
0.03672  4198.53
0.03674  4198.53
0.03676  4198.53
0.03678  4198.53
0.0368  4198.53
0.03682  4198.53
0.03684  4198.53
0.03686  4198.53
0.03688  4198.53
0.0369  4198.53
0.03692  4198.53
0.03694  4198.53
0.03696  4198.53
0.03698  4198.53
0.037  4198.53
0.03702  4198.53
0.03704  4198.53
0.03706  4198.53
0.03708  4198.53
0.0371  4198.53
0.03712  4198.53
0.03714  4198.53
0.03716  4198.53
0.03718  4198.53
0.0372  4198.53
0.03722  4198.53
0.03724  4198.53
0.03726  4198.53
0.03728  4198.53
0.0373  4198.53
0.03732  4198.53
0.03734  4198.53
0.03736  4198.53
0.03738  4198.53
0.0374  4198.53
0.03742  4198.53
0.03744  4198.53
0.03746  4198.53
0.03748  4198.53
0.0375  4198.53
0.03752  4198.53
0.03754  4198.53
0.03756  4198.53
0.03758  4198.53
0.0376  4198.53
0.03762  4198.53
0.03764  4198.53
0.03766  4198.53
0.03768  4198.53
0.0377  4198.53
0.03772  4198.53
0.03774  4198.53
0.03776  4198.53
0.03778  4198.53
0.0378  4198.53
0.03782  4198.53
0.03784  4198.53
0.03786  4198.53
0.03788  4198.53
0.0379  4198.53
0.03792  4198.53
0.03794  4198.53
0.03796  4198.53
0.03798  4198.53
0.038  4198.53
0.03802  4198.53
0.03804  4198.53
0.03806  4198.53
0.03808  4198.53
0.0381  4198.53
0.03812  4198.53
0.03814  4198.53
0.03816  4198.53
0.03818  4198.53
0.0382  4198.53
0.03822  4198.53
0.03824  4198.53
0.03826  4198.53
0.03828  4198.53
0.0383  4198.53
0.03832  4198.53
0.03834  4198.53
0.03836  4198.53
0.03838  4198.53
0.0384  4198.53
0.03842  4198.53
0.03844  4198.53
0.03846  4198.53
0.03848  4198.53
0.0385  4198.53
0.03852  4198.53
0.03854  4198.53
0.03856  4198.53
0.03858  4198.53
0.0386  4198.53
0.03862  4198.53
0.03864  4198.53
0.03866  4198.53
0.03868  4198.53
0.0387  4198.53
0.03872  4198.53
0.03874  4198.53
0.03876  4198.53
0.03878  4198.53
0.0388  4198.53
0.03882  4198.53
0.03884  4198.53
0.03886  4198.53
0.03888  4198.53
0.0389  4198.53
0.03892  4198.53
0.03894  4198.53
0.03896  4198.53
0.03898  4198.53
0.039  4198.53
0.03902  4198.53
0.03904  4198.53
0.03906  4198.53
0.03908  4198.53
0.0391  4198.53
0.03912  4198.53
0.03914  4198.53
0.03916  4198.53
0.03918  4198.53
0.0392  4198.53
0.03922  4198.53
0.03924  4198.53
0.03926  4198.53
0.03928  4198.53
0.0393  4198.53
0.03932  4198.53
0.03934  4198.53
0.03936  4198.53
0.03938  4198.53
0.0394  4198.53
0.03942  4198.53
0.03944  4198.53
0.03946  4198.53
0.03948  4198.53
0.0395  4198.53
0.03952  4198.53
0.03954  4198.53
0.03956  4198.53
0.03958  4198.53
0.0396  4198.53
0.03962  4198.53
0.03964  4198.53
0.03966  4198.53
0.03968  4198.53
0.0397  4198.53
0.03972  4198.53
0.03974  4198.53
0.03976  4198.53
0.03978  4198.53
0.0398  4198.53
0.03982  4198.53
0.03984  4198.53
0.03986  4198.53
0.03988  4198.53
0.0399  4198.53
0.03992  4198.53
0.03994  4198.53
0.03996  4198.53
0.03998  4198.53
0.04  4198.530000
0.04002  4198.530000
0.04004  4198.530000
0.04006  4198.530000
0.04008  4198.530000
0.0401  4198.530000
0.04012  4198.530000
0.04014  4198.530000
0.04016  4198.530000
0.04018  4198.530000
0.0402  4198.530000
0.04022  4198.530000
0.04024  4198.530000
0.04026  4058.280000
0.04028  3830.910000
0.0403  3572.610000
0.04032  3286.590000
0.04034  2895.480000
0.04036  2385.132000
0.04038  1796.823000
0.0404  1224.624000
0.04042  766.098000
0.04044  458.382000
0.04046  277.488300
0.04048  180.262200
0.0405  132.461700
0.04052  114.541200
0.04054  118.949400
0.04056  147.648600
0.04058  212.471700
0.0406  336.348000
0.04062  548.685000
0.04064  866.388000
0.04066  1267.872000
0.04068  1692.582000
0.0407  2077.125000
0.04072  2393.376000
0.04074  2558.691000
0.04076  2718.852000
0.04078  2872.668000
0.0408  3019.200000
0.04082  3157.800000
0.04084  3288.000000
0.04086  3409.650000
0.04088  3522.660000
0.0409  3627.180000
0.04092  3723.450000
0.04094  3811.800000
0.04096  3892.650000
0.04098  3966.390000
0.041  4033.500000
0.04102  4094.400000
0.04104  4149.570000
0.04106  4199.370000
0.04108  4198.530000
0.0411  4198.530000
0.04112  4198.530000
0.04114  4198.530000
0.04116  4198.530000
0.04118  4198.530000
0.0412  4198.530000
0.04122  4198.530000
0.04124  4198.530000
0.04126  4198.530000
0.04128  4198.530000
0.0413  4198.530000
0.04132  4198.530000
0.04134  4198.530000
0.04136  4198.530000
0.04138  4198.530000
0.0414  4198.530000
0.04142  4198.530000
0.04144  4198.530000
0.04146  4198.530000
0.04148  4198.530000
0.0415  4198.530000
0.04152  4198.530000
0.04154  4198.530000
0.04156  4198.530000
0.04158  4198.530000
0.0416  4198.530000
0.04162  4198.530000
0.04164  4198.530000
0.04166  4198.530000
0.04168  4198.530000
0.0417  4198.530000
0.04172  4198.530000
0.04174  4198.530000
0.04176  4198.530000
0.04178  4198.530000
0.0418  4198.530000
0.04182  4198.530000
0.04184  4198.530000
0.04186  4198.530000
0.04188  4198.530000
0.0419  4198.530000
0.04192  4198.530000
0.04194  4198.530000
0.04196  4198.530000
0.04198  4198.530000
0.042  4198.530000
0.04202  4198.530000
0.04204  4198.530000
0.04206  4198.530000
0.04208  4198.530000
0.0421  4198.530000
0.04212  4198.530000
0.04214  4198.530000
0.04216  4198.530000
0.04218  4198.530000
0.0422  4198.530000
0.04222  4198.530000
0.04224  4198.530000
0.04226  4198.530000
0.04228  4198.530000
0.0423  4198.530000
0.04232  4198.530000
0.04234  4198.530000
0.04236  4198.530000
0.04238  4198.530000
0.0424  4198.530000
0.04242  4198.530000
0.04244  4198.530000
0.04246  4198.530000
0.04248  4198.530000
0.0425  4198.530000
0.04252  4198.530000
0.04254  4198.530000
0.04256  4198.530000
0.04258  4198.530000
0.0426  4198.530000
0.04262  4198.530000
0.04264  4198.530000
0.04266  4198.530000
0.04268  4198.530000
0.0427  4198.530000
0.04272  4198.530000
0.04274  4198.530000
0.04276  4198.530000
0.04278  4198.530000
0.0428  4198.530000
0.04282  4198.530000
0.04284  4198.530000
0.04286  4198.530000
0.04288  4198.530000
0.0429  4198.530000
0.04292  4198.530000
0.04294  4198.530000
0.04296  4198.530000
0.04298  4198.530000
0.043  4198.530000
0.04302  4198.53
0.04304  4198.53
0.04306  4198.53
0.04308  4198.53
0.0431  4198.53
0.04312  4198.53
0.04314  4198.53
0.04316  4198.53
0.04318  4198.53
0.0432  4198.53
0.04322  4198.53
0.04324  4198.53
0.04326  4198.53
0.04328  4198.53
0.0433  4198.53
0.04332  4198.53
0.04334  4198.53
0.04336  4198.53
0.04338  4198.53
0.0434  4198.53
0.04342  4198.53
0.04344  4198.53
0.04346  4198.53
0.04348  4198.53
0.0435  4198.53
0.04352  4198.53
0.04354  4198.53
0.04356  4198.53
0.04358  4198.53
0.0436  4198.53
0.04362  4198.53
0.04364  4198.53
0.04366  4198.53
0.04368  4198.53
0.0437  4198.53
0.04372  4198.53
0.04374  4198.53
0.04376  4198.53
0.04378  4198.53
0.0438  4198.53
0.04382  4198.53
0.04384  4198.53
0.04386  4198.53
0.04388  4198.53
0.0439  4198.53
0.04392  4198.53
0.04394  4198.53
0.04396  4198.53
0.04398  4198.53
0.044  4198.53
0.04402  4198.53
0.04404  4198.53
0.04406  4198.53
0.04408  4198.53
0.0441  4198.53
0.04412  4198.53
0.04414  4198.53
0.04416  4198.53
0.04418  4198.53
0.0442  4198.53
0.04422  4198.53
0.04424  4198.53
0.04426  4198.53
0.04428  4198.53
0.0443  4198.53
0.04432  4198.53
0.04434  4198.53
0.04436  4198.53
0.04438  4198.53
0.0444  4198.53
0.04442  4198.53
0.04444  4198.53
0.04446  4198.53
0.04448  4198.53
0.0445  4198.53
0.04452  4198.53
0.04454  4198.53
0.04456  4198.53
0.04458  4198.53
0.0446  4198.53
0.04462  4198.53
0.04464  4198.53
0.04466  4198.53
0.04468  4198.53
0.0447  4198.53
0.04472  4198.53
0.04474  4198.53
0.04476  4198.53
0.04478  4198.53
0.0448  4198.53
0.04482  4198.53
0.04484  4198.53
0.04486  4198.53
0.04488  4198.53
0.0449  4198.53
0.04492  4198.53
0.04494  4198.53
0.04496  4198.53
0.04498  4198.53
0.045  4198.53
0.04502  4198.53
0.04504  4198.53
0.04506  4198.53
0.04508  4198.53
0.0451  4198.53
0.04512  4198.53
0.04514  4198.53
0.04516  4198.53
0.04518  4198.53
0.0452  4198.53
0.04522  4198.53
0.04524  4198.53
0.04526  4198.53
0.04528  4198.53
0.0453  4198.53
0.04532  4198.53
0.04534  4198.53
0.04536  4198.53
0.04538  4198.53
0.0454  4198.53
0.04542  4198.53
0.04544  4198.53
0.04546  4198.53
0.04548  4198.53
0.0455  4198.53
0.04552  4198.53
0.04554  4198.53
0.04556  4198.53
0.04558  4198.53
0.0456  4198.53
0.04562  4198.53
0.04564  4198.53
0.04566  4198.53
0.04568  4198.53
0.0457  4198.53
0.04572  4198.53
0.04574  4198.53
0.04576  4198.53
0.04578  4198.53
0.0458  4198.53
0.04582  4198.53
0.04584  4198.53
0.04586  4198.53
0.04588  4198.53
0.0459  4198.53
0.04592  4198.53
0.04594  4198.53
0.04596  4198.53
0.04598  4198.53
0.046  4198.53
0.04602  4198.53
0.04604  4198.53
0.04606  4198.53
0.04608  4198.53
0.0461  4198.53
0.04612  4198.53
0.04614  4198.53
0.04616  4198.53
0.04618  4198.53
0.0462  4198.53
0.04622  4198.53
0.04624  4198.53
0.04626  4198.53
0.04628  4198.53
0.0463  4198.53
0.04632  4198.53
0.04634  4198.53
0.04636  4198.53
0.04638  4198.53
0.0464  4198.53
0.04642  4198.53
0.04644  4198.53
0.04646  4198.53
0.04648  4198.53
0.0465  4198.53
0.04652  4198.53
0.04654  4198.53
0.04656  4198.53
0.04658  4198.53
0.0466  4198.53
0.04662  4198.53
0.04664  4198.53
0.04666  4198.53
0.04668  4198.53
0.0467  4198.53
0.04672  4198.53
0.04674  4198.53
0.04676  4198.53
0.04678  4198.53
0.0468  4198.53
0.04682  4198.53
0.04684  4198.53
0.04686  4198.53
0.04688  4198.53
0.0469  4198.53
0.04692  4198.53
0.04694  4198.53
0.04696  4198.53
0.04698  4198.53
0.047  4198.53
0.04702  4198.53
0.04704  4198.53
0.04706  4198.53
0.04708  4198.53
0.0471  4198.53
0.04712  4198.53
0.04714  4198.53
0.04716  4198.53
0.04718  4198.53
0.0472  4198.53
0.04722  4198.53
0.04724  4198.53
0.04726  4198.53
0.04728  4198.53
0.0473  4198.53
0.04732  4198.53
0.04734  4198.53
0.04736  4198.53
0.04738  4198.53
0.0474  4198.53
0.04742  4198.53
0.04744  4198.53
0.04746  4198.53
0.04748  4198.53
0.0475  4198.53
0.04752  4198.53
0.04754  4198.53
0.04756  4198.53
0.04758  4198.53
0.0476  4198.53
0.04762  4198.53
0.04764  4198.53
0.04766  4198.53
0.04768  4198.53
0.0477  4198.53
0.04772  4198.53
0.04774  4198.53
0.04776  4198.53
0.04778  4198.53
0.0478  4198.53
0.04782  4198.53
0.04784  4198.53
0.04786  4198.53
0.04788  4198.53
0.0479  4198.53
0.04792  4198.53
0.04794  4198.53
0.04796  4198.53
0.04798  4198.53
0.048  4198.53
0.04802  4198.53
0.04804  4198.53
0.04806  4198.53
0.04808  4198.53
0.0481  4198.53
0.04812  4198.53
0.04814  4198.53
0.04816  4198.53
0.04818  4198.53
0.0482  4198.53
0.04822  4198.53
0.04824  4198.53
0.04826  4198.53
0.04828  4198.53
0.0483  4198.53
0.04832  4198.53
0.04834  4198.53
0.04836  4198.53
0.04838  4198.53
0.0484  4198.53
0.04842  4198.53
0.04844  4198.53
0.04846  4198.53
0.04848  4198.53
0.0485  4198.53
0.04852  4198.53
0.04854  4198.53
0.04856  4198.53
0.04858  4198.53
0.0486  4198.53
0.04862  4198.53
0.04864  4198.53
0.04866  4198.53
0.04868  4198.53
0.0487  4198.53
0.04872  4198.53
0.04874  4198.53
0.04876  4198.53
0.04878  4198.53
0.0488  4198.53
0.04882  4198.53
0.04884  4198.53
0.04886  4198.53
0.04888  4198.53
0.0489  4198.53
0.04892  4198.53
0.04894  4198.53
0.04896  4198.53
0.04898  4198.53
0.049  4198.53
0.04902  4198.53
0.04904  4198.53
0.04906  4198.53
0.04908  4198.53
0.0491  4198.53
0.04912  4198.53
0.04914  4198.53
0.04916  4198.53
0.04918  4198.53
0.0492  4198.53
0.04922  4198.53
0.04924  4198.53
0.04926  4198.53
0.04928  4198.53
0.0493  4198.53
0.04932  4198.53
0.04934  4198.53
0.04936  4198.53
0.04938  4198.53
0.0494  4198.53
0.04942  4198.53
0.04944  4198.53
0.04946  4198.53
0.04948  4198.53
0.0495  4198.53
0.04952  4198.53
0.04954  4198.53
0.04956  4198.53
0.04958  4198.53
0.0496  4198.53
0.04962  4198.53
0.04964  4198.53
0.04966  4198.53
0.04968  4198.53
0.0497  4198.53
0.04972  4198.53
0.04974  4198.53
0.04976  4198.53
0.04978  4198.53
0.0498  4198.53
0.04982  4198.53
0.04984  4198.53
0.04986  4198.53
0.04988  4198.53
0.0499  4198.53
0.04992  4198.53
0.04994  4198.53
0.04996  4198.53
0.04998  4198.53
0.05  4198.53
0.05002  4198.53
0.05004  4198.53
0.05006  4198.53
0.05008  4198.53
0.0501  4198.53
0.05012  4198.53
0.05014  4198.53
0.05016  4198.53
0.05018  4198.53
0.0502  4198.53
0.05022  4198.53
0.05024  4198.53
0.05026  4198.53
0.05028  4198.53
0.0503  4198.53
0.05032  4198.53
0.05034  4198.53
0.05036  4198.53
0.05038  4198.53
0.0504  4198.53
0.05042  4198.53
0.05044  4198.53
0.05046  4198.53
0.05048  4198.53
0.0505  4198.53
0.05052  4198.53
0.05054  4198.53
0.05056  4198.53
0.05058  4198.53
0.0506  4198.53
0.05062  4198.53
0.05064  4198.53
0.05066  4198.53
0.05068  4198.53
0.0507  4198.53
0.05072  4198.53
0.05074  4198.53
0.05076  4198.53
0.05078  4198.53
0.0508  4198.53
0.05082  4198.53
0.05084  4198.53
0.05086  4198.53
0.05088  4198.53
0.0509  4198.53
0.05092  4198.53
0.05094  4198.53
0.05096  4198.53
0.05098  4198.53
0.051  4198.53
0.05102  4198.53
0.05104  4198.53
0.05106  4198.53
0.05108  4198.53
0.0511  4198.53
0.05112  4198.53
0.05114  4198.53
0.05116  4198.53
0.05118  4198.53
0.0512  4198.53
0.05122  4198.53
0.05124  4198.53
0.05126  4198.53
0.05128  4198.53
0.0513  4198.53
0.05132  4198.53
0.05134  4198.53
0.05136  4198.53
0.05138  4198.53
0.0514  4198.53
0.05142  4198.53
0.05144  4198.53
0.05146  4198.53
0.05148  4198.53
0.0515  4198.53
0.05152  4198.53
0.05154  4198.53
0.05156  4198.53
0.05158  4198.53
0.0516  4198.53
0.05162  4198.53
0.05164  4198.53
0.05166  4198.53
0.05168  4198.53
0.0517  4198.53
0.05172  4198.53
0.05174  4198.53
0.05176  4198.53
0.05178  4198.53
0.0518  4198.53
0.05182  4198.53
0.05184  4198.53
0.05186  4198.53
0.05188  4198.53
0.0519  4198.53
0.05192  4198.53
0.05194  4198.53
0.05196  4198.53
0.05198  4198.53
0.052  4198.53
0.05202  4198.53
0.05204  4198.53
0.05206  4198.53
0.05208  4198.53
0.0521  4198.53
0.05212  4198.53
0.05214  4198.53
0.05216  4198.53
0.05218  4198.53
0.0522  4198.53
0.05222  4198.53
0.05224  4198.53
0.05226  4198.53
0.05228  4198.53
0.0523  4198.53
0.05232  4198.53
0.05234  4198.53
0.05236  4198.53
0.05238  4198.53
0.0524  4198.53
0.05242  4198.53
0.05244  4198.53
0.05246  4198.53
0.05248  4198.53
0.0525  4198.53
0.05252  4198.53
0.05254  4198.53
0.05256  4198.53
0.05258  4198.53
0.0526  4198.53
0.05262  4198.53
0.05264  4198.53
0.05266  4198.53
0.05268  4198.53
0.0527  4198.53
0.05272  4198.53
0.05274  4198.53
0.05276  4198.53
0.05278  4198.53
0.0528  4198.53
0.05282  4198.53
0.05284  4198.53
0.05286  4198.53
0.05288  4198.53
0.0529  4198.53
0.05292  4198.53
0.05294  4198.53
0.05296  4198.53
0.05298  4198.53
0.053  4198.53
0.05302  4198.53
0.05304  4198.53
0.05306  4198.53
0.05308  4198.53
0.0531  4198.53
0.05312  4198.53
0.05314  4198.53
0.05316  4198.53
0.05318  4198.53
0.0532  4198.53
0.05322  4198.53
0.05324  4198.53
0.05326  4198.53
0.05328  4198.53
0.0533  4198.53
0.05332  4198.53
0.05334  4198.53
0.05336  4198.53
0.05338  4198.53
0.0534  4198.53
0.05342  4198.53
0.05344  4198.53
0.05346  4198.53
0.05348  4198.53
0.0535  4198.53
0.05352  4198.53
0.05354  4198.53
0.05356  4198.53
0.05358  4198.53
0.0536  4198.53
0.05362  4198.53
0.05364  4198.53
0.05366  4198.53
0.05368  4198.53
0.0537  4198.53
0.05372  4198.53
0.05374  4198.53
0.05376  4198.53
0.05378  4198.53
0.0538  4198.53
0.05382  4198.53
0.05384  4198.53
0.05386  4198.53
0.05388  4198.53
0.0539  4198.53
0.05392  4198.53
0.05394  4198.53
0.05396  4198.53
0.05398  4198.53
0.054  4198.53
0.05402  4198.53
0.05404  4198.53
0.05406  4198.53
0.05408  4198.53
0.0541  4198.53
0.05412  4198.53
0.05414  4198.53
0.05416  4198.53
0.05418  4198.53
0.0542  4198.53
0.05422  4198.53
0.05424  4198.53
0.05426  4198.53
0.05428  4198.53
0.0543  4198.53
0.05432  4198.53
0.05434  4198.53
0.05436  4198.53
0.05438  4198.53
0.0544  4198.53
0.05442  4198.53
0.05444  4198.53
0.05446  4198.53
0.05448  4198.53
0.0545  4198.53
0.05452  4198.53
0.05454  4198.53
0.05456  4198.53
0.05458  4198.53
0.0546  4198.53
0.05462  4198.53
0.05464  4198.53
0.05466  4198.53
0.05468  4198.53
0.0547  4198.53
0.05472  4198.53
0.05474  4198.53
0.05476  4198.53
0.05478  4198.53
0.0548  4198.53
0.05482  4198.53
0.05484  4198.53
0.05486  4198.53
0.05488  4198.53
0.0549  4198.53
0.05492  4198.53
0.05494  4198.53
0.05496  4198.53
0.05498  4198.53
0.055  4198.53
0.05502  4198.53
0.05504  4198.53
0.05506  4198.53
0.05508  4198.53
0.0551  4198.53
0.05512  4198.53
0.05514  4198.53
0.05516  4198.53
0.05518  4198.53
0.0552  4198.53
0.05522  4198.53
0.05524  4198.53
0.05526  4198.53
0.05528  4198.53
0.0553  4198.53
0.05532  4198.53
0.05534  4198.53
0.05536  4198.53
0.05538  4198.53
0.0554  4198.53
0.05542  4198.53
0.05544  4198.53
0.05546  4198.53
0.05548  4198.53
0.0555  4198.53
0.05552  4198.53
0.05554  4198.53
0.05556  4198.53
0.05558  4198.53
0.0556  4198.53
0.05562  4198.53
0.05564  4198.53
0.05566  4198.53
0.05568  4198.53
0.0557  4198.53
0.05572  4198.53
0.05574  4198.53
0.05576  4198.53
0.05578  4198.53
0.0558  4198.53
0.05582  4198.53
0.05584  4198.53
0.05586  4198.53
0.05588  4198.53
0.0559  4198.53
0.05592  4198.53
0.05594  4198.53
0.05596  4198.53
0.05598  4198.53
0.056  4198.53
0.05602  4198.53
0.05604  4198.53
0.05606  4198.53
0.05608  4198.53
0.0561  4198.53
0.05612  4198.53
0.05614  4198.53
0.05616  4198.53
0.05618  4198.53
0.0562  4198.53
0.05622  4198.53
0.05624  4198.53
0.05626  4198.53
0.05628  4198.53
0.0563  4198.53
0.05632  4198.53
0.05634  4198.53
0.05636  4198.53
0.05638  4198.53
0.0564  4198.53
0.05642  4198.53
0.05644  4198.53
0.05646  4198.53
0.05648  4198.53
0.0565  4198.53
0.05652  4198.53
0.05654  4198.53
0.05656  4198.53
0.05658  4198.53
0.0566  4198.53
0.05662  4198.53
0.05664  4198.53
0.05666  4198.53
0.05668  4198.53
0.0567  4198.53
0.05672  4198.53
0.05674  4198.53
0.05676  4198.53
0.05678  4198.53
0.0568  4198.53
0.05682  4198.53
0.05684  4198.53
0.05686  4198.53
0.05688  4198.53
0.0569  4198.53
0.05692  4198.53
0.05694  4198.53
0.05696  4198.53
0.05698  4198.53
0.057  4198.53
0.05702  4198.53
0.05704  4198.53
0.05706  4198.53
0.05708  4198.53
0.0571  4198.53
0.05712  4198.53
0.05714  4198.53
0.05716  4198.53
0.05718  4198.53
0.0572  4198.53
0.05722  4198.53
0.05724  4198.53
0.05726  4198.53
0.05728  4198.53
0.0573  4198.53
0.05732  4198.53
0.05734  4198.53
0.05736  4198.53
0.05738  4198.53
0.0574  4198.53
0.05742  4198.53
0.05744  4198.53
0.05746  4198.53
0.05748  4198.53
0.0575  4198.53
0.05752  4198.53
0.05754  4198.53
0.05756  4198.53
0.05758  4198.53
0.0576  4198.53
0.05762  4198.53
0.05764  4198.53
0.05766  4198.53
0.05768  4198.53
0.0577  4198.53
0.05772  4198.53
0.05774  4198.53
0.05776  4198.53
0.05778  4198.53
0.0578  4198.53
0.05782  4198.53
0.05784  4198.53
0.05786  4198.53
0.05788  4198.53
0.0579  4198.53
0.05792  4198.53
0.05794  4198.53
0.05796  4198.53
0.05798  4198.53
0.058  4198.53
0.05802  4198.53
0.05804  4198.53
0.05806  4198.53
0.05808  4198.53
0.0581  4198.53
0.05812  4198.53
0.05814  4198.53
0.05816  4198.53
0.05818  4198.53
0.0582  4198.53
0.05822  4198.53
0.05824  4198.53
0.05826  4198.53
0.05828  4198.53
0.0583  4198.53
0.05832  4198.53
0.05834  4198.53
0.05836  4198.53
0.05838  4198.53
0.0584  4198.53
0.05842  4198.53
0.05844  4198.53
0.05846  4198.53
0.05848  4198.53
0.0585  4198.53
0.05852  4198.53
0.05854  4198.53
0.05856  4198.53
0.05858  4198.53
0.0586  4198.53
0.05862  4198.53
0.05864  4198.53
0.05866  4198.53
0.05868  4198.53
0.0587  4198.53
0.05872  4198.53
0.05874  4198.53
0.05876  4198.53
0.05878  4198.53
0.0588  4198.53
0.05882  4198.53
0.05884  4198.53
0.05886  4198.53
0.05888  4198.53
0.0589  4198.53
0.05892  4198.53
0.05894  4198.53
0.05896  4198.53
0.05898  4198.53
0.059  4198.53
0.05902  4198.53
0.05904  4198.53
0.05906  4198.53
0.05908  4198.53
0.0591  4198.53
0.05912  4198.53
0.05914  4198.53
0.05916  4198.53
0.05918  4198.53
0.0592  4198.53
0.05922  4198.53
0.05924  4198.53
0.05926  4198.53
0.05928  4198.53
0.0593  4198.53
0.05932  4198.53
0.05934  4198.53
0.05936  4198.53
0.05938  4198.53
0.0594  4198.53
0.05942  4198.53
0.05944  4198.53
0.05946  4198.53
0.05948  4198.53
0.0595  4198.53
0.05952  4198.53
0.05954  4198.53
0.05956  4198.53
0.05958  4198.53
0.0596  4198.53
0.05962  4198.53
0.05964  4198.53
0.05966  4198.53
0.05968  4198.53
0.0597  4198.53
0.05972  4198.53
0.05974  4198.53
0.05976  4198.53
0.05978  4198.53
0.0598  4198.53
0.05982  4198.53
0.05984  4198.53
0.05986  4198.53
0.05988  4198.53
0.0599  4198.53
0.05992  4198.53
0.05994  4198.53
0.05996  4198.53
0.05998  4198.53
0.06  4198.530000
0.06002  4198.530000
0.06004  4198.530000
0.06006  4198.530000
0.06008  4198.530000
0.0601  4198.530000
0.06012  4198.530000
0.06014  4198.530000
0.06016  4198.530000
0.06018  4198.530000
0.0602  4198.530000
0.06022  4198.530000
0.06024  4198.530000
0.06026  4058.280000
0.06028  3830.910000
0.0603  3572.610000
0.06032  3286.590000
0.06034  2895.480000
0.06036  2385.132000
0.06038  1796.823000
0.0604  1224.624000
0.06042  766.098000
0.06044  458.382000
0.06046  277.488300
0.06048  180.262200
0.0605  132.461700
0.06052  114.541200
0.06054  118.949400
0.06056  147.648600
0.06058  212.471700
0.0606  336.348000
0.06062  548.685000
0.06064  866.388000
0.06066  1267.872000
0.06068  1692.582000
0.0607  2077.125000
0.06072  2393.376000
0.06074  2558.691000
0.06076  2718.852000
0.06078  2872.668000
0.0608  3019.200000
0.06082  3157.800000
0.06084  3288.000000
0.06086  3409.650000
0.06088  3522.660000
0.0609  3627.180000
0.06092  3723.450000
0.06094  3811.800000
0.06096  3892.650000
0.06098  3966.390000
0.061  4033.500000
0.06102  4094.400000
0.06104  4149.570000
0.06106  4199.370000
0.06108  4198.530000
0.0611  4198.530000
0.06112  4198.530000
0.06114  4198.530000
0.06116  4198.530000
0.06118  4198.530000
0.0612  4198.530000
0.06122  4198.530000
0.06124  4198.530000
0.06126  4198.530000
0.06128  4198.530000
0.0613  4198.530000
0.06132  4198.530000
0.06134  4198.530000
0.06136  4198.530000
0.06138  4198.530000
0.0614  4198.530000
0.06142  4198.530000
0.06144  4198.530000
0.06146  4198.530000
0.06148  4198.530000
0.0615  4198.530000
0.06152  4198.530000
0.06154  4198.530000
0.06156  4198.530000
0.06158  4198.530000
0.0616  4198.530000
0.06162  4198.530000
0.06164  4198.530000
0.06166  4198.530000
0.06168  4198.530000
0.0617  4198.530000
0.06172  4198.530000
0.06174  4198.530000
0.06176  4198.530000
0.06178  4198.530000
0.0618  4198.530000
0.06182  4198.530000
0.06184  4198.530000
0.06186  4198.530000
0.06188  4198.530000
0.0619  4198.530000
0.06192  4198.530000
0.06194  4198.530000
0.06196  4198.530000
0.06198  4198.530000
0.062  4198.530000
0.06202  4198.530000
0.06204  4198.530000
0.06206  4198.530000
0.06208  4198.530000
0.0621  4198.530000
0.06212  4198.530000
0.06214  4198.530000
0.06216  4198.530000
0.06218  4198.530000
0.0622  4198.530000
0.06222  4198.530000
0.06224  4198.530000
0.06226  4198.530000
0.06228  4198.530000
0.0623  4198.530000
0.06232  4198.530000
0.06234  4198.530000
0.06236  4198.530000
0.06238  4198.530000
0.0624  4198.530000
0.06242  4198.530000
0.06244  4198.530000
0.06246  4198.530000
0.06248  4198.530000
0.0625  4198.530000
0.06252  4198.530000
0.06254  4198.530000
0.06256  4198.530000
0.06258  4198.530000
0.0626  4198.530000
0.06262  4198.530000
0.06264  4198.530000
0.06266  4198.530000
0.06268  4198.530000
0.0627  4198.530000
0.06272  4198.530000
0.06274  4198.530000
0.06276  4198.530000
0.06278  4198.530000
0.0628  4198.530000
0.06282  4198.530000
0.06284  4198.530000
0.06286  4198.530000
0.06288  4198.530000
0.0629  4198.530000
0.06292  4198.530000
0.06294  4198.530000
0.06296  4198.530000
0.06298  4198.530000
0.063  4198.530000
