0.00000000 4198.530000
0.00002000 4198.530000
0.00004000 4198.530000
0.00006000 4198.530000
0.00008000 4198.530000
0.00010000 4198.530000
0.00012000 4198.530000
0.00014000 4198.530000
0.00016000 4198.530000
0.00018000 4198.530000
0.00020000 4198.530000
0.00022000 4198.530000
0.00024000 4198.530000
0.00026000 4058.280000
0.00028000 3830.910000
0.00030000 3572.610000
0.00032000 3286.590000
0.00034000 2895.480000
0.00036000 2385.132000
0.00038000 1796.823000
0.00040000 1224.624000
0.00042000 766.098000
0.00044000 458.382000
0.00046000 277.488300
0.00048000 180.262200
0.00050000 132.461700
0.00052000 114.541200
0.00054000 118.949400
0.00056000 147.648600
0.00058000 212.471700
0.00060000 336.348000
0.00062000 548.685000
0.00064000 866.388000
0.00066000 1267.872000
0.00068000 1692.582000
0.00070000 2077.125000
0.00072000 2393.376000
0.00074000 2558.691000
0.00076000 2718.852000
0.00078000 2872.668000
0.00080000 3019.200000
0.00082000 3157.800000
0.00084000 3288.000000
0.00086000 3409.650000
0.00088000 3522.660000
0.00090000 3627.180000
0.00092000 3723.450000
0.00094000 3811.800000
0.00096000 3892.650000
0.00098000 3966.390000
0.00100000 4033.500000
0.00102000 4094.400000
0.00104000 4149.570000
0.00106000 4199.370000
0.00108000 4198.530000
0.00110000 4198.530000
0.00112000 4198.530000
0.00114000 4198.530000
0.00116000 4198.530000
0.00118000 4198.530000
0.00120000 4198.530000
0.00122000 4198.530000
0.00124000 4198.530000
0.00126000 4198.530000
0.00128000 4198.530000
0.00130000 4198.530000
0.00132000 4198.530000
0.00134000 4198.530000
0.00136000 4198.530000
0.00138000 4198.530000
0.00140000 4198.530000
0.00142000 4198.530000
0.00144000 4198.530000
0.00146000 4198.530000
0.00148000 4198.530000
0.00150000 4198.530000
0.00152000 4198.530000
0.00154000 4198.530000
0.00156000 4198.530000
0.00158000 4198.530000
0.00160000 4198.530000
0.00162000 4198.530000
0.00164000 4198.530000
0.00166000 4198.530000
0.00168000 4198.530000
0.00170000 4198.530000
0.00172000 4198.530000
0.00174000 4198.530000
0.00176000 4198.530000
0.00178000 4198.530000
0.00180000 4198.530000
0.00182000 4198.530000
0.00184000 4198.530000
0.00186000 4198.530000
0.00188000 4198.530000
0.00190000 4198.530000
0.00192000 4198.530000
0.00194000 4198.530000
0.00196000 4198.530000
0.00198000 4198.530000
0.00200000 4198.530000
0.00202000 4198.530000
0.00204000 4198.530000
0.00206000 4198.530000
0.00208000 4198.530000
0.00210000 4198.530000
0.00212000 4198.530000
0.00214000 4198.530000
0.00216000 4198.530000
0.00218000 4198.530000
0.00220000 4198.530000
0.00222000 4198.530000
0.00224000 4198.530000
0.00226000 4198.530000
0.00228000 4198.530000
0.00230000 4198.530000
0.00232000 4198.530000
0.00234000 4198.530000
0.00236000 4198.530000
0.00238000 4198.530000
0.00240000 4198.530000
0.00242000 4198.530000
0.00244000 4198.530000
0.00246000 4198.530000
0.00248000 4198.530000
0.00250000 4198.530000
0.00252000 4198.530000
0.00254000 4198.530000
0.00256000 4198.530000
0.00258000 4198.530000
0.00260000 4198.530000
0.00262000 4198.530000
0.00264000 4198.530000
0.00266000 4198.530000
0.00268000 4198.530000
0.00270000 4198.530000
0.00272000 4198.530000
0.00274000 4198.530000
0.00276000 4198.530000
0.00278000 4198.530000
0.00280000 4198.530000
0.00282000 4198.530000
0.00284000 4198.530000
0.00286000 4198.530000
0.00288000 4198.530000
0.00290000 4198.530000
0.00292000 4198.530000
0.00294000 4198.530000
0.00296000 4198.530000
0.00298000 4198.530000
0.00300000 4198.530000
