0.00000  -60.000000
0.00002  -60.000000
0.00004  -60.000000
0.00006  -60.000000
0.00008  -60.000000
0.00010  -60.000000
0.00012  -60.000000
0.00014  -60.000000
0.00016  -60.000000
0.00018  -60.000000
0.00020  -60.000000
0.00022  -60.000000
0.00024  -60.000000
0.00026  -56.982326
0.00028  -52.671362
0.00030  -48.360399
0.00032  -44.049436
0.00034  -38.607641
0.00036  -31.811638
0.00038  -23.710190
0.00040  -14.531042
0.00042  -4.713766
0.00044  5.125467
0.00046  14.254084
0.00048  21.881512
0.00050  27.252145
0.00052  29.769565
0.00054  29.116402
0.00056  25.366018
0.00058  18.992190
0.00060  10.795511
0.00062  1.754427
0.00064  -7.188546
0.00066  -15.307242
0.00068  -22.175062
0.00070  -27.658706
0.00072  -31.921358
0.00074  -34.115193
0.00076  -36.241403
0.00078  -38.299987
0.00080  -40.290945
0.00082  -42.214278
0.00084  -44.069986
0.00086  -45.858068
0.00088  -47.578525
0.00090  -49.231356
0.00092  -50.816562
0.00094  -52.334143
0.00096  -53.784098
0.00098  -55.166427
0.00100  -56.481131
0.00102  -57.728210
0.00104  -58.907663
0.00106  -60.019491
0.00108  -60.000000
0.00110  -60.000000
0.00112  -60.000000
0.00114  -60.000000
0.00116  -60.000000
0.00118  -60.000000
0.00120  -60.000000
0.00122  -60.000000
0.00124  -60.000000
0.00126  -60.000000
0.00128  -60.000000
0.00130  -60.000000
0.00132  -60.000000
0.00134  -60.000000
0.00136  -60.000000
0.00138  -60.000000
0.00140  -60.000000
0.00142  -60.000000
0.00144  -60.000000
0.00146  -60.000000
0.00148  -60.000000
0.00150  -60.000000
0.00152  -60.000000
0.00154  -60.000000
0.00156  -60.000000
0.00158  -60.000000
0.00160  -60.000000
0.00162  -60.000000
0.00164  -60.000000
0.00166  -60.000000
0.00168  -60.000000
0.00170  -60.000000
0.00172  -60.000000
0.00174  -60.000000
0.00176  -60.000000
0.00178  -60.000000
0.00180  -60.000000
0.00182  -60.000000
0.00184  -60.000000
0.00186  -60.000000
0.00188  -60.000000
0.00190  -60.000000
0.00192  -60.000000
0.00194  -60.000000
0.00196  -60.000000
0.00198  -60.000000
0.00200  -60.000000
0.00202  -60.000000
0.00204  -60.000000
0.00206  -60.000000
0.00208  -60.000000
0.00210  -60.000000
0.00212  -60.000000
0.00214  -60.000000
0.00216  -60.000000
0.00218  -60.000000
0.00220  -60.000000
0.00222  -60.000000
0.00224  -60.000000
0.00226  -60.000000
0.00228  -60.000000
0.00230  -60.000000
0.00232  -60.000000
0.00234  -60.000000
0.00236  -60.000000
0.00238  -60.000000
0.00240  -60.000000
0.00242  -60.000000
0.00244  -60.000000
0.00246  -60.000000
0.00248  -60.000000
0.00250  -60.000000
0.00252  -60.000000
0.00254  -60.000000
0.00256  -60.000000
0.00258  -60.000000
0.00260  -60.000000
0.00262  -60.000000
0.00264  -60.000000
0.00266  -60.000000
0.00268  -60.000000
0.00270  -60.000000
0.00272  -60.000000
0.00274  -60.000000
0.00276  -60.000000
0.00278  -60.000000
0.00280  -60.000000
0.00282  -60.000000
0.00284  -60.000000
0.00286  -60.000000
0.00288  -60.000000
0.00290  -60.000000
0.00292  -60.000000
0.00294  -60.000000
0.00296  -60.000000
0.00298  -60.000000
0.00300  -60.000000
