0.00000000 898778.00
0.00002000 898778.00
0.00004000 898778.00
0.00006000 898778.00
0.00008000 898778.00
0.00010000 898778.00
0.00012000 898778.00
0.00014000 898778.00
0.00016000 898778.00
0.00018000 898778.00
0.00020000 898778.00
0.00022000 898778.00
0.00024000 898778.00
0.00026000 876176.00
0.00028000 843888.00
0.00030000 811598.00
0.00032000 779310.00
0.00034000 738552.00
0.00036000 687652.00
0.00038000 626974.00
0.00040000 558224.00
0.00042000 484694.00
0.00044000 411000.00
0.00046000 342628.00
0.00048000 285500.00
0.00050000 245276.00
0.00052000 226420.00
0.00054000 231312.00
0.00056000 259402.00
0.00058000 307140.00
0.00060000 368532.00
0.00062000 436248.00
0.00064000 503230.00
0.00066000 564038.00
0.00068000 615476.00
0.00070000 656548.00
0.00072000 688474.00
0.00074000 704906.00
0.00076000 720830.00
0.00078000 736248.00
0.00080000 751160.00
0.00082000 765566.00
0.00084000 779464.00
0.00086000 792856.00
0.00088000 805742.00
0.00090000 818122.00
0.00092000 829996.00
0.00094000 841362.00
0.00096000 852222.00
0.00098000 862574.00
0.00100000 872422.00
0.00102000 881762.00
0.00104000 890596.00
0.00106000 898924.00
0.00108000 898778.00
0.00110000 898778.00
0.00112000 898778.00
0.00114000 898778.00
0.00116000 898778.00
0.00118000 898778.00
0.00120000 898778.00
0.00122000 898778.00
0.00124000 898778.00
0.00126000 898778.00
0.00128000 898778.00
0.00130000 898778.00
0.00132000 898778.00
0.00134000 898778.00
0.00136000 898778.00
0.00138000 898778.00
0.00140000 898778.00
0.00142000 898778.00
0.00144000 898778.00
0.00146000 898778.00
0.00148000 898778.00
0.00150000 898778.00
0.00152000 898778.00
0.00154000 898778.00
0.00156000 898778.00
0.00158000 898778.00
0.00160000 898778.00
0.00162000 898778.00
0.00164000 898778.00
0.00166000 898778.00
0.00168000 898778.00
0.00170000 898778.00
0.00172000 898778.00
0.00174000 898778.00
0.00176000 898778.00
0.00178000 898778.00
0.00180000 898778.00
0.00182000 898778.00
0.00184000 898778.00
0.00186000 898778.00
0.00188000 898778.00
0.00190000 898778.00
0.00192000 898778.00
0.00194000 898778.00
0.00196000 898778.00
0.00198000 898778.00
0.00200000 898778.00
0.00202000 898778.00
0.00204000 898778.00
0.00206000 898778.00
0.00208000 898778.00
0.00210000 898778.00
0.00212000 898778.00
0.00214000 898778.00
0.00216000 898778.00
0.00218000 898778.00
0.00220000 898778.00
0.00222000 898778.00
0.00224000 898778.00
0.00226000 898778.00
0.00228000 898778.00
0.00230000 898778.00
0.00232000 898778.00
0.00234000 898778.00
0.00236000 898778.00
0.00238000 898778.00
0.00240000 898778.00
0.00242000 898778.00
0.00244000 898778.00
0.00246000 898778.00
0.00248000 898778.00
0.00250000 898778.00
0.00252000 898778.00
0.00254000 898778.00
0.00256000 898778.00
0.00258000 898778.00
0.00260000 898778.00
0.00262000 898778.00
0.00264000 898778.00
0.00266000 898778.00
0.00268000 898778.00
0.00270000 898778.00
0.00272000 898778.00
0.00274000 898778.00
0.00276000 898778.00
0.00278000 898778.00
0.00280000 898778.00
0.00282000 898778.00
0.00284000 898778.00
0.00286000 898778.00
0.00288000 898778.00
0.00290000 898778.00
0.00292000 898778.00
0.00294000 898778.00
0.00296000 898778.00
0.00298000 898778.00
0.00300000 898778.00
