0.00000  449389
0.00002  449389
0.00004  449389
0.00006  449389
0.00008  449389
0.00010  449389
0.00012  449389
0.00014  449389
0.00016  449389
0.00018  449389
0.00020  449389
0.00022  449389
0.00024  449389
0.00026  438088
0.00028  421944
0.00030  405799
0.00032  389655
0.00034  369276
0.00036  343826
0.00038  313487
0.00040  279112
0.00042  242347
0.00044  205500
0.00046  171314
0.00048  142750
0.00050  122638
0.00052  113210
0.00054  115656
0.00056  129701
0.00058  153570
0.00060  184266
0.00062  218124
0.00064  251615
0.00066  282019
0.00068  307738
0.00070  328274
0.00072  344237
0.00074  352453
0.00076  360415
0.00078  368124
0.00080  375580
0.00082  382783
0.00084  389732
0.00086  396428
0.00088  402871
0.00090  409061
0.00092  414998
0.00094  420681
0.00096  426111
0.00098  431287
0.00100  436211
0.00102  440881
0.00104  445298
0.00106  449462
0.00108  449389
0.00110  449389
0.00112  449389
0.00114  449389
0.00116  449389
0.00118  449389
0.00120  449389
0.00122  449389
0.00124  449389
0.00126  449389
0.00128  449389
0.00130  449389
0.00132  449389
0.00134  449389
0.00136  449389
0.00138  449389
0.00140  449389
0.00142  449389
0.00144  449389
0.00146  449389
0.00148  449389
0.00150  449389
0.00152  449389
0.00154  449389
0.00156  449389
0.00158  449389
0.00160  449389
0.00162  449389
0.00164  449389
0.00166  449389
0.00168  449389
0.00170  449389
0.00172  449389
0.00174  449389
0.00176  449389
0.00178  449389
0.00180  449389
0.00182  449389
0.00184  449389
0.00186  449389
0.00188  449389
0.00190  449389
0.00192  449389
0.00194  449389
0.00196  449389
0.00198  449389
0.00200  449389
0.00202  449389
0.00204  449389
0.00206  449389
0.00208  449389
0.00210  449389
0.00212  449389
0.00214  449389
0.00216  449389
0.00218  449389
0.00220  449389
0.00222  449389
0.00224  449389
0.00226  449389
0.00228  449389
0.00230  449389
0.00232  449389
0.00234  449389
0.00236  449389
0.00238  449389
0.00240  449389
0.00242  449389
0.00244  449389
0.00246  449389
0.00248  449389
0.00250  449389
0.00252  449389
0.00254  449389
0.00256  449389
0.00258  449389
0.00260  449389
0.00262  449389
0.00264  449389
0.00266  449389
0.00268  449389
0.00270  449389
0.00272  449389
0.00274  449389
0.00276  449389
0.00278  449389
0.00280  449389
0.00282  449389
0.00284  449389
0.00286  449389
0.00288  449389
0.00290  449389
0.00292  449389
0.00294  449389
0.00296  449389
0.00298  449389
0.00300  449389
